Frequency(Hz)	Amplitude
0.0	2.523367336983869613e+00
1.0	5.365572400216121807e+00
2.0	9.220508009157988738e+00
3.0	8.643720814825757159e+00
4.0	2.752331614269069249e+00
5.0	8.227628879260898032e+00
6.0	7.342294622629612633e+00
7.0	2.920833354106855406e+00
8.0	1.453077642793018098e+00
9.0	9.942029072980769655e+00
10.0	7.485013294255260519e+00
11.0	3.392590838854849800e+00
12.0	4.853381961905334219e-01
13.0	1.827831852042910432e+00
14.0	1.354287743982389713e+00
15.0	8.657114355423638941e+00
16.0	8.836221216234159570e+00
17.0	7.538607866763805454e+00
18.0	3.193916311479272352e-01
19.0	5.484116198826986199e+00
20.0	5.691542167792214002e+00
21.0	2.495522780580069266e+00
22.0	8.275511489688005540e+00
23.0	9.029460685296761824e+00
24.0	8.605820393343222463e+00
25.0	9.551269861055201815e+00
26.0	8.364227103607625224e+00
27.0	4.189621591006349455e+00
28.0	1.087901961157711206e-01
29.0	9.321330469965751320e+00
30.0	2.482942086557098360e+00
31.0	9.671761274899697725e+00
32.0	1.521571752981607517e+00
33.0	9.578378017563341729e+00
34.0	6.697296897567778018e+00
35.0	5.337528259396723485e+00
36.0	6.165875434455419857e+00
37.0	2.297532929803871582e+00
38.0	4.592721770114367885e+00
39.0	5.599092648158484842e+00
40.0	9.412851415308388425e+00
41.0	7.903778680790444433e+00
42.0	5.515310235938900796e+00
43.0	3.078486570375150500e+00
44.0	9.607821994788086073e+00
45.0	7.656572790683701335e+00
46.0	3.888125241629361017e+00
47.0	1.804188965015307566e+00
48.0	3.678940751236730033e+00
49.0	3.825463799914317065e+00
50.0	5.189876741275273986e+00
51.0	8.663612070384184349e+00
52.0	4.295941514586010257e-01
53.0	7.304991497754170560e+00
54.0	8.825626450864756833e+00
55.0	8.128846236242623036e+00
56.0	3.960590394464006181e+00
57.0	8.350531766592780514e+00
58.0	7.158032455663910554e+00
59.0	1.782052189631022632e-01
60.0	3.679756473192242971e+00
61.0	4.365450879453907085e+00
62.0	9.613882883980884309e-01
63.0	6.417323922125874880e+00
64.0	5.350124449062589882e+00
65.0	3.149385222538705342e+00
66.0	5.788432928635939945e+00
67.0	2.219467464236309695e+00
68.0	4.613650879172226382e+00
69.0	4.946755456090663472e+00
70.0	7.481959660021449743e+00
71.0	9.752139700724086424e+00
72.0	4.775012957120265078e+00
73.0	9.172030226964292154e+00
74.0	2.581789473783441480e+00
75.0	4.198425024471380773e+00
76.0	3.687943782817146854e+00
77.0	1.786874142729539816e+00
78.0	6.362184524648506478e-01
79.0	4.569411266545772676e+00
80.0	3.608402807354198494e+00
81.0	5.812441057105157682e+00
82.0	4.899473569699644315e+00
83.0	1.837137740077307013e+00
84.0	9.800315618578011367e+00
85.0	6.809045171899964721e+00
86.0	9.523391420603312341e+00
87.0	4.583945300165327197e+00
88.0	8.284746553638679956e+00
89.0	8.604949793234851541e+00
90.0	6.953833888083964965e+00
91.0	9.308333769211516895e+00
92.0	8.827862410893986933e+00
93.0	4.314435466793540286e+00
94.0	3.160124459753756998e+00
95.0	8.547183214084743241e+00
96.0	1.201037077158750854e+00
97.0	8.564613134661114291e-01
98.0	4.233673974611137147e+00
99.0	1.735283861205615397e+00
100.0	6.591485093691957786e+00
101.0	4.722264385563726741e+00
102.0	2.228418257503657074e+00
103.0	4.424031761815471420e+00
104.0	9.783762570021115046e-01
105.0	5.920180193122196677e+00
106.0	3.475386740455324919e+00
107.0	1.265170087348975736e+00
108.0	8.176634515535148751e+00
109.0	2.604060127614116205e+00
110.0	1.496795460517794663e+00
111.0	6.012809846191546903e+00
112.0	3.568001066545881450e+00
113.0	9.310232919987420530e+00
114.0	5.232961879855862364e+00
115.0	7.124338914499347197e+00
116.0	1.305409879725568656e+00
117.0	8.218926676845106361e-01
118.0	5.428381427483205179e+00
119.0	2.693862038192247343e+00
120.0	6.904353409259749164e+00
121.0	2.827657007666986022e+00
122.0	5.427935409087925045e+00
123.0	2.010223572992951624e+00
124.0	3.619982322277831344e+00
125.0	3.380191978179105661e+00
126.0	8.799671802438455259e+00
127.0	1.655825149192829970e+00
128.0	5.803698094347718772e+00
129.0	5.620298650952262776e+00
130.0	7.638147333363949798e+00
131.0	6.355880966198401705e-01
132.0	8.202132527660582539e+00
133.0	7.686990505105312010e+00
134.0	2.619185459692024764e+00
135.0	7.347953872149895815e+00
136.0	1.982250058248036240e-01
137.0	7.794556175753415417e+00
138.0	6.843754242703240287e+00
139.0	5.396720300684587635e+00
140.0	3.017771679863832102e+00
141.0	6.784002386361574821e+00
142.0	8.469035856986163679e+00
143.0	3.325383885336810064e+00
144.0	1.082287381937439008e+00
145.0	3.362223473554035724e+00
146.0	8.288459064621919836e+00
147.0	1.600970542802072627e+00
148.0	2.928742883163947042e+00
149.0	6.134079206516242166e+00
150.0	4.395768703107227005e+00
151.0	6.186177640902381647e+00
152.0	3.598119518577429510e+00
153.0	7.814799892225499534e+00
154.0	3.262743175151801012e+00
155.0	8.346981127220068686e+00
156.0	5.382132489874157599e+00
157.0	8.982484966388536662e+00
158.0	7.909082727659525247e+00
159.0	1.887912241064263474e+00
160.0	5.815077486192118172e+00
161.0	8.069053023641224343e+00
162.0	7.879558710999496007e+00
163.0	9.470463407611140028e+00
164.0	6.952384147074161191e+00
165.0	1.728781723455837804e+00
166.0	7.920171134292175452e-01
167.0	5.571248665406354661e+00
168.0	6.049370216330528294e+00
169.0	6.115698970730088391e+00
170.0	5.302786712647666434e+00
171.0	2.158041522037855486e+00
172.0	5.748546192643757990e+00
173.0	4.904543373921126381e+00
174.0	6.612836065300509159e-01
175.0	1.992512238862131912e+00
176.0	7.952365761197556004e+00
177.0	8.425519696906592415e+00
178.0	3.851196631898083034e+00
179.0	2.400136145788845710e+00
180.0	4.001917193101778736e+00
181.0	6.478256725378467529e+00
182.0	3.016416780514324714e+00
183.0	3.203945485827040862e+00
184.0	4.154781393370121645e-01
185.0	2.595490150119292849e+00
186.0	1.982824256116850759e+00
187.0	1.412644310373502021e+00
188.0	8.144643468550540888e+00
189.0	7.650286968419822031e+00
190.0	7.830962648247867364e+00
191.0	8.117124098042467040e+00
192.0	6.723701362152532113e+00
193.0	2.468537243751756982e+00
194.0	1.429945237373341227e+00
195.0	2.795775817569878807e+00
196.0	3.180720646783685712e+00
197.0	1.013408905707550156e+00
198.0	9.140319969751965701e+00
199.0	9.075712100324150100e+00
200.0	2.425605859054101643e+00
201.0	1.891906707896936490e+00
202.0	3.164733539687537345e+00
203.0	5.610869078185870329e+00
204.0	4.325025234690306419e+00
205.0	1.804113834539190497e+00
206.0	6.521455144667842596e+00
207.0	3.233304749517851295e-01
208.0	2.010846072096042825e+00
209.0	6.526562046843953357e-01
210.0	2.471462054706864642e+00
211.0	8.786489891467565982e+00
212.0	8.422644233110531786e+00
213.0	1.203574459410381436e+00
214.0	5.507599516617602831e+00
215.0	6.844944481904622791e+00
216.0	3.107017024385539727e+00
217.0	1.652323630208876182e+00
218.0	1.602447437192821011e+00
219.0	1.927270472408546542e+00
220.0	5.627807561964543126e+00
221.0	8.956754015209964948e+00
222.0	8.820250427790416126e+00
223.0	6.771777951011310748e+00
224.0	4.089203084624838169e+00
225.0	8.399156940470698274e+00
226.0	7.972717358995073944e-02
227.0	2.022808836186714920e+00
228.0	5.575860004549040738e+00
229.0	5.682187455020459854e-01
230.0	7.122880802581970094e+00
231.0	8.730524271355747601e+00
232.0	8.240003515706344928e+00
233.0	5.775483573989825814e-01
234.0	6.415168750775546158e-01
235.0	4.643539828433916661e+00
236.0	5.130167457510081519e+00
237.0	9.957899142325990383e+00
238.0	4.209195814404753655e+00
239.0	5.460722724589972543e-02
240.0	9.418236614260681705e+00
241.0	9.699398644238502953e+00
242.0	4.060606491397925844e+00
243.0	1.534110381220996633e+00
244.0	7.326306450925430980e+00
245.0	6.558877157370086586e+00
246.0	6.289580357244617392e-01
247.0	3.744439980267558532e+00
248.0	7.794154156092485408e+00
249.0	3.568899079539122887e-01
250.0	3.235992484877799669e+00
251.0	8.671361592547190966e+00
252.0	4.593004531636013521e-01
253.0	4.859638620840756040e+00
254.0	7.474928494681579494e+00
255.0	1.596943509734933819e+00
256.0	1.702175398194467615e+00
257.0	5.024462177552991626e+00
258.0	6.654680664953053437e+00
259.0	1.576123847458257288e+00
260.0	4.706260430519421334e+00
261.0	2.238945423800125845e+00
262.0	8.288323434249305066e+00
263.0	4.730114669888795476e+00
264.0	3.996540646393350826e+00
265.0	4.738515654112393172e+00
266.0	7.419872510762349549e+00
267.0	5.398626633357447524e+00
268.0	5.678209363076306637e+00
269.0	4.237713711303067399e+00
270.0	8.417579804616494243e+00
271.0	6.348459849962971191e+00
272.0	1.869033223318915526e+00
273.0	7.953016022254866257e-01
274.0	5.943033329006465415e+00
275.0	7.158084913537300586e+00
276.0	2.311019294535491042e+00
277.0	4.257647886652234703e+00
278.0	2.110765888478018937e+00
279.0	6.008639111532064092e+00
280.0	8.818866040045268306e+00
281.0	8.278325206101943223e+00
282.0	8.623167449140257901e+00
283.0	4.196087748928275296e+00
284.0	9.189124342389794364e+00
285.0	7.160231607343726878e+00
286.0	1.625709083753232864e+00
287.0	3.784254251208236663e+00
288.0	3.134356786534788775e+00
289.0	6.488528925478589393e+00
290.0	9.791633054682074899e+00
291.0	5.142733667274916876e+00
292.0	4.405156945156003090e+00
293.0	6.555550310661911517e+00
294.0	6.882812478409753965e+00
295.0	6.505297728058765827e+00
296.0	4.527125387963049086e-01
297.0	2.710780294172975502e+00
298.0	7.879603785324851284e-01
299.0	1.223734629784264394e+00
300.0	5.749932106358923711e+00
301.0	7.796223522469680756e-01
302.0	7.679876003706976206e+00
303.0	9.024252674050925904e+00
304.0	6.331408375069918826e+00
305.0	6.284384463003860333e+00
306.0	4.441538763626544650e+00
307.0	2.741487257694482871e+00
308.0	9.893089745795158763e+00
309.0	4.702775419974799753e+00
310.0	8.035064571171604442e+00
311.0	4.452500492353705042e+00
312.0	2.287282238158625525e+00
313.0	4.550658541752018671e+00
314.0	9.703159773946172351e+00
315.0	4.029143312201196814e+00
316.0	3.527065248875995707e+00
317.0	6.374183399818061702e+00
318.0	6.181298380068734666e+00
319.0	6.557755379889876224e+00
320.0	1.753378151280899910e+00
321.0	8.809608667915215463e+00
322.0	8.328580617293845023e+00
323.0	9.013176526658471133e+00
324.0	4.781722358663095918e+00
325.0	2.465563486990085540e+00
326.0	8.958515894393240586e+00
327.0	4.110888822397526177e+00
328.0	7.992427980409189114e-01
329.0	5.708987375256100449e+00
330.0	8.374822710111827107e+00
331.0	4.116107298209784382e+00
332.0	8.047080544196797192e+00
333.0	4.116051612601955512e+00
334.0	8.519982647390419217e+00
335.0	9.329203268077554512e+00
336.0	8.521855178893343208e+00
337.0	2.155237264059496560e+00
338.0	4.311420938023358573e+00
339.0	3.957725881706791959e+00
340.0	3.813791163483453150e+00
341.0	1.182485526787746544e+00
342.0	4.114795994155507231e+00
343.0	2.798956974602926362e+00
344.0	3.382602231497033873e-01
345.0	2.144348887693132699e+00
346.0	3.495887996870417069e-01
347.0	9.071346359094146550e+00
348.0	5.259695498292991545e+00
349.0	6.667087090771640412e+00
350.0	9.512850306448045856e+00
351.0	8.342921971776123158e+00
352.0	6.566232994655277544e+00
353.0	5.689090265886761699e+00
354.0	6.182523025128569216e+00
355.0	3.192896410321515166e+00
356.0	5.942315354686700246e+00
357.0	5.301260953670619003e+00
358.0	7.048756759254590776e+00
359.0	7.709124509760235000e+00
360.0	7.427666014213500922e+00
361.0	4.945459656840811569e-01
362.0	7.941378272367086488e+00
363.0	9.254602221781924598e+00
364.0	6.339841823038671720e+00
365.0	2.949258286935102724e+00
366.0	9.479642438819418260e+00
367.0	5.355410742821332448e+00
368.0	1.508275176210449597e+00
369.0	7.816850791898364292e+00
370.0	8.633230527692512979e+00
371.0	3.787417139726942938e+00
372.0	1.210939701374997846e+00
373.0	3.446131923388997542e+00
374.0	6.356848109425285109e+00
375.0	2.401561185377658614e+00
376.0	8.730276317687428289e+00
377.0	8.012394802717309972e+00
378.0	1.799676429192851312e+00
379.0	4.609409904046537498e+00
380.0	1.479862616331187875e+00
381.0	9.653467516279288674e+00
382.0	4.482799509284078887e+00
383.0	7.057148707380056507e-02
384.0	7.496711989073419069e+00
385.0	2.575093795988421252e+00
386.0	6.363475660522840194e+00
387.0	2.952388964992411768e+00
388.0	2.914653365921713313e+00
389.0	1.967770566397061272e+00
390.0	3.313322391892328245e+00
391.0	4.798898417406965322e+00
392.0	1.203824484039157650e+00
393.0	7.941676006763980666e+00
394.0	7.545427708271263967e+00
395.0	1.871790651671420003e+00
396.0	5.739333031843997013e+00
397.0	6.307068865995980822e+00
398.0	7.419256336261871532e+00
399.0	8.971898198141438741e+00
400.0	5.724367660733004293e+00
401.0	8.462294456453086866e+00
402.0	1.124847972431390897e+00
403.0	3.342477853876534510e+00
404.0	2.430630671753851502e+00
405.0	3.202743335612993292e+00
406.0	2.823308551547135892e+00
407.0	5.101632627544574916e+00
408.0	8.280032201290945082e+00
409.0	8.853963192255731585e-02
410.0	4.880214347392314522e+00
411.0	5.552608168352662688e+00
412.0	5.271377615915562309e-01
413.0	9.125299089421673671e+00
414.0	2.464356957331502507e+00
415.0	2.981374078025558205e+00
416.0	2.478941361672380772e+00
417.0	2.104608257059320309e+00
418.0	1.161695484876849038e+00
419.0	4.174228578587135807e+00
420.0	4.012622633101986303e+00
421.0	3.095153705250632825e+00
422.0	1.297355199806129455e+00
423.0	9.700815898463666542e+00
424.0	7.836575201876205821e-01
425.0	6.303210791262149115e+00
426.0	4.044272408843005095e+00
427.0	5.235790074687870721e+00
428.0	7.188426165632372467e+00
429.0	3.748318316266131767e+00
430.0	8.589126544292744470e+00
431.0	8.227847026994409063e+00
432.0	7.171648374751926625e-02
433.0	9.521556297057109930e+00
434.0	3.375161671280690889e-01
435.0	8.121326683805889957e+00
436.0	5.438914240908263587e+00
437.0	8.366472673959957085e-01
438.0	8.975000225792806319e-01
439.0	2.589414868903028299e+00
440.0	6.748746816149397532e+00
441.0	2.213737523481447145e+00
442.0	3.797619125369287030e+00
443.0	1.176502177158422757e+00
444.0	1.981676046406932734e+00
445.0	1.570899054920371629e+00
446.0	4.622879047704443245e+00
447.0	7.467831503849669872e+00
448.0	8.598268623510476161e+00
449.0	4.159428365328729171e+00
450.0	1.605178140786867047e+00
451.0	1.425845042647964078e+00
452.0	7.209649324504009194e+00
453.0	4.291753961701281206e+00
454.0	6.006483261619766090e-01
455.0	7.768439707650799164e+00
456.0	6.959074552901450161e+00
457.0	3.190311594160899489e+00
458.0	4.089149466345815220e+00
459.0	4.456202882673087728e+00
460.0	8.527589016362266960e+00
461.0	6.482043061379093807e+00
462.0	6.869662383662343608e+00
463.0	6.770258160843916961e+00
464.0	3.947416121588283033e+00
465.0	3.481933158826862051e+00
466.0	6.794085419438490092e+00
467.0	7.410096639106611427e-01
468.0	9.844651448147468287e+00
469.0	6.944209296792601904e+00
470.0	9.443707293508452949e+00
471.0	8.184185220652155479e+00
472.0	6.937918521380689540e+00
473.0	8.911944189036324904e-01
474.0	2.459277366833148015e+00
475.0	9.096939725995396131e+00
476.0	6.874335274474775659e+00
477.0	9.631941175983671499e-01
478.0	5.200457815260643102e+00
479.0	4.102083044486738217e+00
480.0	9.817974961546815038e+00
481.0	8.772628767902352465e+00
482.0	7.731964073217723055e+00
483.0	9.890720832587340805e-01
484.0	6.867475074221048637e+00
485.0	1.614531774867575820e+00
486.0	9.306280466888336989e+00
487.0	1.733385870993299216e+00
488.0	1.375648884394897742e-02
489.0	4.837205833871090377e+00
490.0	5.848677557751734923e+00
491.0	5.428583827196843181e+00
492.0	5.712639712977765072e+00
493.0	7.801375312421361841e+00
494.0	4.382677282834110954e+00
495.0	3.825234515435063098e+00
496.0	3.344968561869800183e+00
497.0	4.893363697993252437e+00
498.0	8.506342867321897927e+00
499.0	1.265431606109200802e+00
500.0	9.866729005546259756e-01
