Frequency(Hz)	Amplitude 
0, 761.5
1, 907.0
2, 705.3
3, 730.2
4, 735.1
5, 736.5
6, 825.7
7, 778.6
8, 682.3
9, 770.4
10, 797.5
11, 336.7
12, 759.6
13, 1079.1
14, 760.3
15, 1198.7
16, 760.4
17, 811.3
18, 689.6
19, 709.5
20, 420.7
21, 775.3
22, 859.3
23, 697.0
24, 3164.3
25, 852.7
26, 815.0
27, 769.6
28, 1593.0
29, 783.0
30, 795.8
31, 794.6
32, 798.4
33, 757.9
34, 654.6
35, 1747.6
36, 71.1
37, 0.0
38, 827.3
39, 839.5
40, 0.0
41, 747.7
42, 0.0
43, 732.1
44, 735.4
45, 867.9
46, 1042.5
47, 156.5
48, 0.0
49, 704.9
50, 754.9
51, 751.2
52, 786.4
53, 742.0
54, 756.7
55, 0.0
56, 799.6
57, 746.8
58, 793.5
59, 978.1
60, 1654.1
61, 703.2
62, 754.0
63, 851.0
64, 728.1
65, 0.0
66, 801.8
67, 689.6
68, 676.4
69, 65.7
70, 1015.4
71, 731.0
72, 858.7
73, 856.5
74, 899.9
75, 746.7
76, 779.0
77, 887.4
78, 566.4
79, 763.8
80, 0.0
81, 961.9
82, 915.5
83, 1015.3
84, 733.5
85, 710.9
86, 807.0
87, 757.9
88, 819.2
89, 824.8
90, 827.0
91, 747.1
92, 0.0
93, 226.0
94, 0.0
95, 758.0
96, 789.9
97, 324.1
98, 775.5
99, 736.8
100, 0.0
101, 1811.8
102, 767.5
103, 813.0
104, 848.9
105, 0.0
106, 1651.2
107, 0.0
108, 1163.6
109, 736.9
110, 778.2
111, 757.4
112, 125.7
113, 812.5
114, 731.5
115, 825.7
116, 717.0
117, 868.0
118, 943.2
119, 37.5
120, 759.1
121, 742.1
122, 0.7
123, 847.3
124, 753.9
125, 872.6
126, 774.3
127, 0.0
128, 797.0
129, 748.5
130, 747.0
131, 778.0
132, 0.0
133, 729.4
134, 685.9
135, 664.4
136, 758.3
137, 786.4
138, 803.0
139, 758.2
140, 0.0
141, 964.9
142, 775.0
143, 839.9
144, 0.0
145, 750.5
146, 685.1
147, 856.9
148, 675.5
149, 339.6
150, 766.1
151, 815.8
152, 794.8
153, 752.6
154, 768.5
155, 1507.8
156, 742.5
157, 718.7
158, 0.0
159, 729.0
160, 4082.9
161, 811.7
162, 769.2
163, 764.9
164, 731.6
165, 0.0
166, 1370.0
167, 716.5
168, 0.0
169, 726.9
170, 817.4
171, 784.9
172, 823.8
173, 790.2
174, 758.0
175, 749.1
176, 847.8
177, 0.0
178, 851.9
179, 785.8
180, 772.6
181, 729.0
182, 252.0
183, 817.7
184, 1168.3
185, 751.9
186, 828.7
187, 913.4
188, 753.9
189, 743.7
190, 760.2
191, 220.5
192, 696.1
193, 731.8
194, 733.1
195, 1092.4
196, 974.6
197, 757.2
198, 600.0
199, 721.3
200, 720.7
201, 825.2
202, 761.9
203, 1663.7
204, 837.1
205, 823.6
206, 1140.9
207, 0.0
208, 784.2
209, 771.0
210, 0.0
211, 786.4
212, 0.0
213, 781.4
214, 0.0
215, 940.0
216, 703.0
217, 0.0
218, 779.0
219, 764.1
220, 766.6
221, 834.0
222, 0.0
223, 774.1
224, 708.9
225, 710.9
226, 777.5
227, 882.0
228, 1047.9
229, 0.0
230, 741.5
231, 689.5
232, 635.4
233, 736.6
234, 818.2
235, 734.5
236, 809.8
237, 1480.3
238, 743.8
239, 776.6
240, 724.8
241, 782.8
242, 826.9
243, 775.8
244, 807.4
245, 725.0
246, 758.4
247, 796.8
248, 729.4
249, 735.5
250, 788.9
251, 784.5
252, 893.0
253, 0.0
254, 857.9
255, 1158.3
256, 938.1
257, 0.0
258, 0.0
259, 846.0
260, 806.5
261, 782.3
262, 940.1
263, 737.7
264, 809.8
265, 764.1
266, 784.1
267, 768.1
268, 750.9
269, 0.0
270, 826.8
271, 801.7
272, 745.2
273, 730.3
274, 800.9
275, 890.5
276, 726.6
277, 107.8
278, 0.0
279, 729.5
280, 719.1
281, 0.0
282, 768.6
283, 733.0
284, 686.7
285, 1023.9
286, 802.1
287, 1815.5
288, 828.5
289, 480.9
290, 947.0
291, 747.7
292, 610.6
293, 787.4
294, 742.6
295, 897.7
296, 765.0
297, 743.5
298, 789.2
299, 0.0
300, 740.0
301, 987.4
302, 0.0
303, 784.6
304, 875.1
305, 890.4
306, 783.2
307, 750.1
308, 797.6
309, 736.6
310, 667.5
311, 814.1
312, 823.4
313, 843.3
314, 755.2
315, 788.9
316, 758.8
317, 860.7
318, 755.9
319, 751.5
320, 782.6
321, 914.3
322, 0.0
323, 766.3
324, 773.7
325, 685.8
326, 120.6
327, 776.0
328, 757.1
329, 870.9
330, 617.3
331, 5785.7
332, 42.5
333, 774.4
334, 733.1
335, 774.9
336, 1015.1
337, 887.8
338, 876.3
339, 812.3
340, 714.3
341, 755.0
342, 749.5
343, 1000.2
344, 0.0
345, 794.2
346, 809.9
347, 692.0
348, 801.7
349, 802.0
350, 852.2
351, 0.0
352, 1082.7
353, 780.7
354, 791.3
355, 741.6
356, 721.2
357, 961.0
358, 0.0
359, 702.0
360, 697.6
361, 763.1
362, 1650.1
363, 27.2
364, 731.1
365, 843.5
366, 424.2
367, 724.6
368, 775.1
369, 185.0
370, 818.7
371, 0.0
372, 837.8
373, 727.9
374, 1270.1
375, 0.0
376, 797.7
377, 419.3
378, 828.1
379, 1038.3
380, 826.9
381, 773.6
382, 743.4
383, 744.6
384, 828.8
385, 764.5
386, 1110.1
387, 697.3
388, 824.1
389, 738.4
390, 260.8
391, 27.1
392, 989.1
393, 1172.2
394, 1209.1
395, 737.0
396, 858.9
397, 813.4
398, 727.4
399, 740.6
400, 0.0
401, 0.0
402, 662.0
403, 776.3
404, 755.9
405, 736.3
406, 792.6
407, 905.7
408, 708.6
409, 755.2
410, 641.4
411, 751.8
412, 723.0
413, 1299.5
414, 767.3
415, 732.1
416, 695.5
417, 0.0
418, 724.1
419, 864.0
420, 769.0
421, 795.2
422, 992.4
423, 803.0
424, 765.8
425, 800.5
426, 1445.6
427, 737.5
428, 785.3
429, 1079.7
430, 747.2
431, 3360.8
432, 741.4
433, 0.0
434, 753.1
435, 779.0
436, 0.0
437, 770.8
438, 750.1
439, 897.7
440, 578.4
441, 251.2
442, 740.5
443, 809.6
444, 827.4
445, 920.8
446, 736.5
447, 0.0
448, 808.6
449, 1226.5
450, 850.6
451, 5734.8
452, 818.6
453, 718.7
454, 760.0
455, 857.8
456, 772.2
457, 941.9
458, 713.8
459, 873.4
460, 736.9
461, 0.0
462, 793.9
463, 780.0
464, 741.7
465, 2662.0
466, 733.5
467, 0.0
468, 802.4
469, 0.0
470, 833.4
471, 789.6
472, 763.4
473, 754.2
474, 0.0
475, 883.6
476, 735.6
477, 911.3
478, 697.6
479, 686.4
480, 896.1
481, 881.4
482, 738.7
483, 735.3
484, 462.6
485, 0.0
486, 2708.4
487, 706.6
488, 790.4
489, 853.5
490, 716.1
491, 743.5
492, 775.1
493, 740.7
494, 757.8
495, 702.6
496, 731.6
497, 773.3
498, 711.5
499, 840.1
500, 779.0
501, 0.0
502, 872.7
503, 704.5
504, 696.8
505, 765.3
506, 1473.1
507, 757.3
508, 945.4
509, 812.6
510, 776.8
511, 0.0
512, 782.9
513, 954.9
514, 734.8
515, 721.9
516, 804.3
517, 743.0
518, 843.3
519, 727.3
520, 808.3
521, 1911.1
522, 749.5
523, 826.1
524, 781.5
525, 776.4
526, 895.5
527, 863.9
528, 825.7
529, 0.0
530, 1722.7
531, 737.4
532, 884.6
533, 0.0
534, 814.4
535, 1448.0
536, 686.1
537, 766.2
538, 787.4
539, 1287.4
540, 1202.6
541, 0.0
542, 733.1
543, 758.4
544, 768.3
545, 789.1
546, 783.3
547, 513.4
548, 1290.1
549, 747.2
550, 0.0
551, 826.1
552, 839.8
553, 798.6
554, 0.0
555, 786.6
556, 271.5
557, 759.7
558, 0.0
559, 718.9
560, 0.0
561, 784.4
562, 781.5
563, 802.5
564, 920.8
565, 774.8
566, 716.8
567, 836.7
568, 757.4
569, 723.7
570, 762.9
571, 728.4
572, 926.7
573, 784.6
574, 885.4
575, 719.7
576, 807.9
577, 778.9
578, 758.7
579, 871.6
580, 939.1
581, 0.0
582, 1168.6
583, 770.9
584, 695.9
585, 3993.5
586, 797.2
587, 1537.2
588, 876.5
589, 1184.8
590, 719.2
591, 804.6
592, 729.2
593, 750.8
594, 732.8
595, 802.4
596, 707.1
597, 785.1
598, 708.7
599, 755.5
600, 725.4
601, 825.2
602, 736.4
603, 771.9
604, 745.1
605, 747.2
606, 789.0
607, 0.0
608, 838.4
609, 746.1
610, 748.0
611, 985.5
612, 784.1
613, 834.8
614, 0.0
615, 976.5
616, 1427.1
617, 758.5
618, 1032.2
619, 832.2
620, 297.3
621, 698.4
622, 798.8
623, 808.1
624, 771.1
625, 0.0
626, 0.0
627, 845.3
628, 760.0
629, 767.8
630, 915.3
631, 784.1
632, 803.3
633, 712.4
634, 732.7
635, 797.0
636, 0.0
637, 796.4
638, 869.9
639, 0.0
640, 844.4
641, 750.8
642, 759.3
643, 754.8
644, 846.6
645, 779.5
646, 4373.8
647, 817.7
648, 984.9
649, 1035.7
650, 0.0
651, 702.1
652, 825.0
653, 756.6
654, 98.5
655, 1813.2
656, 867.7
657, 928.5
658, 712.9
659, 961.8
660, 744.8
661, 1035.7
662, 913.9
663, 4217.6
664, 0.0
665, 773.4
666, 813.3
667, 740.0
668, 737.9
669, 711.2
670, 775.4
671, 773.7
672, 826.9
673, 765.7
674, 1194.7
675, 0.0
676, 851.1
677, 689.4
678, 917.2
679, 863.0
680, 724.2
681, 754.1
682, 839.4
683, 786.9
684, 824.0
685, 932.7
686, 744.2
687, 769.0
688, 771.2
689, 718.1
690, 810.1
691, 0.0
692, 780.9
693, 1172.2
694, 2985.0
695, 715.9
696, 696.4
697, 780.0
698, 835.2
699, 0.0
700, 1900.0
701, 2370.7
702, 824.1
703, 1015.1
704, 783.3
705, 767.4
706, 735.0
707, 778.5
708, 704.8
709, 792.0
710, 0.0
711, 898.9
712, 730.3
713, 737.3
714, 826.9
715, 823.9
716, 778.4
717, 804.5
718, 823.1
719, 692.4
720, 1002.9
721, 734.4
722, 734.4
723, 1033.3
724, 736.7
725, 1285.0
726, 0.0
727, 830.1
728, 865.6
729, 1020.9
730, 774.1
731, 741.0
732, 0.0
733, 766.4
734, 773.6
735, 3239.3
736, 708.8
737, 1410.8
738, 0.0
739, 732.0
740, 759.3
741, 780.7
742, 702.7
743, 921.7
744, 745.1
745, 766.7
746, 759.0
747, 762.2
748, 821.6
749, 702.7
750, 718.4
751, 803.8
752, 0.0
753, 837.7
754, 763.4
755, 770.1
756, 813.3
757, 786.2
758, 717.8
759, 756.1
760, 762.5
761, 719.9
762, 728.4
763, 728.2
764, 765.0
765, 775.5
766, 943.3
767, 725.1
768, 779.6
769, 924.2
770, 657.5
771, 1899.1
772, 794.8
773, 743.8
774, 854.0
775, 642.7
776, 857.1
777, 0.0
778, 809.7
779, 1422.0
780, 780.5
781, 765.2
782, 356.2
783, 802.4
784, 716.7
785, 776.0
786, 755.8
787, 884.8
788, 759.5
789, 431.1
790, 758.2
791, 749.4
792, 727.8
793, 742.4
794, 0.0
795, 735.9
796, 725.3
797, 782.4
798, 3822.5
799, 791.9
800, 743.0
801, 737.8
802, 0.0
803, 690.0
804, 827.2
805, 37.9
806, 801.4
807, 1161.9
808, 0.0
809, 677.9
810, 0.0
811, 716.6
812, 774.5
813, 973.0
814, 751.3
815, 739.5
816, 0.0
817, 703.8
818, 891.6
819, 1319.0
820, 762.8
821, 775.0
822, 834.0
823, 676.0
824, 952.7
825, 867.8
826, 0.0
827, 817.4
828, 841.6
829, 753.0
830, 973.0
831, 763.8
832, 739.9
833, 702.5
834, 778.4
835, 915.8
836, 716.4
837, 757.9
838, 793.7
839, 696.8
840, 1259.4
841, 748.6
842, 871.2
843, 733.3
844, 774.2
845, 738.2
846, 0.0
847, 1990.0
848, 738.2
849, 750.1
850, 765.5
851, 826.6
852, 704.6
853, 702.9
854, 3246.2
855, 795.1
856, 741.9
857, 0.0
858, 757.8
859, 711.1
860, 810.5
861, 725.8
862, 723.9
863, 795.9
864, 180.6
865, 826.3
866, 742.6
867, 0.0
868, 1323.6
869, 907.5
870, 0.0
871, 723.0
872, 810.8
873, 765.0
874, 830.3
875, 0.0
876, 255.0
877, 751.3
878, 584.0
879, 776.5
880, 1703.8
881, 738.7
882, 746.9
883, 816.5
884, 1072.1
885, 752.4
886, 4777.4
887, 911.8
888, 851.7
889, 2056.9
890, 0.0
891, 716.5
892, 800.8
893, 748.3
894, 785.4
895, 0.0
896, 756.0
897, 805.7
898, 2344.3
899, 807.1
900, 859.6
901, 774.5
902, 768.9
903, 4409.1
904, 480.4
905, 2010.0
906, 0.0
907, 720.6
908, 744.6
909, 755.9
910, 795.6
911, 688.5
912, 927.9
913, 779.0
914, 807.1
915, 739.3
916, 817.4
917, 1007.2
918, 747.2
919, 725.0
920, 729.3
921, 854.8
922, 717.9
923, 759.5
924, 804.3
925, 765.6
926, 1315.7
927, 752.9
928, 851.2
929, 0.0
930, 714.9
931, 774.8
932, 0.0
933, 747.5
934, 761.4
935, 802.6
936, 728.8
937, 843.2
938, 771.1
939, 711.2
940, 1232.3
941, 745.8
942, 0.0
943, 736.7
944, 0.0
945, 958.8
946, 742.3
947, 821.6
948, 765.8
949, 725.6
950, 1637.4
951, 895.7
952, 675.0
953, 6093.4
954, 711.0
955, 744.3
956, 694.0
957, 809.3
958, 768.3
959, 982.0
960, 0.0
961, 735.6
962, 778.4
963, 708.8
964, 763.0
965, 781.4
966, 1088.1
967, 858.1
968, 713.0
969, 1513.8
970, 0.0
971, 810.7
972, 981.8
973, 849.9
974, 976.6
975, 774.0
976, 881.1
977, 767.3
978, 742.6
979, 812.8
980, 756.0
981, 745.0
982, 706.7
983, 822.3
984, 31.1
985, 808.0
986, 801.2
987, 706.7
988, 751.3
989, 790.3
990, 823.6
991, 702.8
992, 1305.5
993, 752.7
994, 669.0
995, 962.3
996, 768.3
997, 802.9
998, 744.9
999, 796.3
1000, 715.7
1001, 0.0
1002, 800.4
1003, 0.0
1004, 814.2
1005, 783.1
1006, 776.1
1007, 759.9
1008, 786.3
1009, 791.3
1010, 856.8
1011, 663.7
1012, 0.0
1013, 0.0
1014, 860.5
1015, 669.9
1016, 757.6
1017, 773.4
1018, 843.0
1019, 741.9
1020, 959.4
1021, 809.6
1022, 2056.4
1023, 0.0
1024, 712.4
1025, 805.9
1026, 844.3
1027, 960.8
1028, 794.3
1029, 826.1
1030, 814.8
1031, 703.0
1032, 189.3
1033, 0.0
1034, 1101.5
1035, 732.9
1036, 934.2
1037, 794.1
1038, 767.9
1039, 716.7
1040, 864.2
1041, 766.0
1042, 752.9
1043, 1291.4
1044, 0.0
1045, 765.0
1046, 840.0
1047, 778.9
1048, 0.0
1049, 0.0
1050, 824.2
1051, 769.5
1052, 717.5
1053, 961.6
1054, 788.2
1055, 702.3
1056, 725.3
1057, 751.5
1058, 778.5
1059, 724.4
1060, 1289.1
1061, 756.4
1062, 791.3
1063, 0.0
1064, 704.8
1065, 766.7
1066, 709.1
1067, 82.5
1068, 0.0
1069, 2944.3
1070, 667.3
1071, 837.0
1072, 752.7
1073, 0.0
1074, 778.6
1075, 0.0
1076, 737.9
1077, 774.7
1078, 0.0
1079, 0.0
1080, 250.4
1081, 715.2
1082, 793.7
1083, 733.2
1084, 742.8
1085, 0.0
1086, 935.0
1087, 0.0
1088, 804.0
1089, 799.6
1090, 889.6
1091, 774.2
1092, 730.5
1093, 905.7
1094, 995.6
1095, 708.5
1096, 0.0
1097, 786.2
1098, 0.0
1099, 789.9
1100, 798.8
1101, 783.6
1102, 331.0
1103, 726.7
1104, 2241.6
1105, 767.5
1106, 764.3
1107, 747.8
1108, 0.0
1109, 1317.3
1110, 702.1
1111, 779.2
1112, 2097.5
1113, 904.2
1114, 704.3
1115, 822.3
1116, 785.0
1117, 761.9
1118, 681.3
1119, 718.3
1120, 2144.4
1121, 0.0
1122, 768.9
1123, 707.5
1124, 705.7
1125, 830.4
1126, 927.9
1127, 740.2
1128, 731.5
1129, 732.7
1130, 792.6
1131, 751.1
1132, 1153.6
1133, 763.4
1134, 300.7
1135, 774.3
1136, 758.1
1137, 865.7
1138, 1013.3
1139, 775.4
1140, 849.9
1141, 858.8
1142, 832.4
1143, 745.3
1144, 716.8
1145, 796.0
1146, 1449.8
1147, 731.1
1148, 773.4
1149, 747.7
1150, 738.9
1151, 706.1
1152, 0.0
1153, 780.4
1154, 0.0
1155, 679.6
1156, 782.6
1157, 1183.5
1158, 924.2
1159, 623.7
1160, 1208.8
1161, 860.3
1162, 828.2
1163, 1204.8
1164, 729.8
1165, 861.1
1166, 798.2
1167, 1292.2
1168, 2009.7
1169, 690.2
1170, 885.5
1171, 764.5
1172, 446.0
1173, 0.0
1174, 728.5
1175, 892.8
1176, 745.5
1177, 876.9
1178, 798.1
1179, 787.7
1180, 754.7
1181, 1387.9
1182, 0.0
1183, 0.0
1184, 817.1
1185, 699.2
1186, 732.1
1187, 693.7
1188, 52.4
1189, 799.4
1190, 784.0
1191, 2235.1
1192, 1088.1
1193, 0.0
1194, 1951.9
1195, 889.7
1196, 696.1
1197, 765.3
1198, 805.2
1199, 822.3
1200, 1010.3
1201, 763.3
1202, 787.5
1203, 1578.8
1204, 418.6
1205, 708.8
1206, 757.0
1207, 715.0
1208, 814.5
1209, 0.0
1210, 925.0
1211, 795.0
1212, 1042.6
1213, 0.0
1214, 760.2
1215, 777.1
1216, 868.4
1217, 808.4
1218, 0.0
1219, 2310.4
1220, 844.7
1221, 780.2
1222, 798.7
1223, 739.4
1224, 806.6
1225, 739.8
1226, 430.6
1227, 713.1
1228, 866.7
1229, 765.9
1230, 703.9
1231, 743.6
1232, 799.8
1233, 767.9
1234, 729.2
1235, 1412.0
1236, 839.1
1237, 824.4
1238, 0.0
1239, 807.5
1240, 1414.2
1241, 759.7
1242, 701.7
1243, 0.0
1244, 0.0
1245, 772.3
1246, 800.6
1247, 726.4
1248, 0.0
1249, 744.8
1250, 3130.4
1251, 817.0
1252, 2254.2
1253, 710.2
1254, 0.0
1255, 1143.1
1256, 780.1
1257, 709.9
1258, 1076.7
1259, 839.0
1260, 799.9
1261, 799.3
1262, 902.7
1263, 719.3
1264, 841.5
1265, 683.6
1266, 752.1
1267, 877.3
1268, 732.0
1269, 752.8
1270, 0.0
1271, 3451.9
1272, 827.8
1273, 814.7
1274, 0.0
1275, 780.7
1276, 763.0
1277, 774.9
1278, 895.3
1279, 668.3
1280, 701.3
1281, 749.1
1282, 745.8
1283, 802.2
1284, 869.0
1285, 765.1
1286, 809.2
1287, 0.0
1288, 704.5
1289, 779.3
1290, 830.3
1291, 760.1
1292, 806.0
1293, 759.4
1294, 767.1
1295, 781.3
1296, 0.0
1297, 0.0
1298, 710.3
1299, 721.4
1300, 60.3
1301, 828.9
1302, 626.8
1303, 857.5
1304, 1017.0
1305, 1828.6
1306, 813.4
1307, 793.8
1308, 3115.9
1309, 2028.9
1310, 783.4
1311, 728.5
1312, 977.2
1313, 785.9
1314, 797.7
1315, 757.2
1316, 737.4
1317, 742.6
1318, 745.2
1319, 823.8
1320, 825.4
1321, 849.0
1322, 729.9
1323, 751.3
1324, 842.1
1325, 791.7
1326, 808.8
1327, 732.5
1328, 756.7
1329, 0.0
1330, 888.0
1331, 0.0
1332, 760.6
1333, 770.7
1334, 865.2
1335, 819.8
1336, 826.8
1337, 722.9
1338, 683.9
1339, 760.5
1340, 0.0
1341, 7411.0
1342, 781.1
1343, 0.0
1344, 775.6
1345, 891.8
1346, 750.4
1347, 1506.3
1348, 0.0
1349, 1646.6
1350, 0.0
1351, 933.2
1352, 784.2
1353, 0.0
1354, 765.1
1355, 544.9
1356, 813.9
1357, 915.6
1358, 818.7
1359, 1332.0
1360, 837.2
1361, 838.8
1362, 766.1
1363, 846.5
1364, 346.4
1365, 816.2
1366, 1218.7
1367, 0.0
1368, 0.0
1369, 782.9
1370, 813.9
1371, 849.1
1372, 0.0
1373, 0.0
1374, 791.5
1375, 93.9
1376, 0.0
1377, 735.4
1378, 894.4
1379, 1509.1
1380, 786.3
1381, 730.3
1382, 865.4
1383, 750.5
1384, 0.0
1385, 0.0
1386, 0.0
1387, 744.6
1388, 873.1
1389, 1104.6
1390, 748.9
1391, 803.7
1392, 686.1
1393, 763.4
1394, 763.9
1395, 741.8
1396, 804.7
1397, 742.1
1398, 0.0
1399, 0.0
1400, 809.6
1401, 789.9
1402, 800.8
1403, 892.0
1404, 790.3
1405, 756.1
1406, 774.2
1407, 792.4
1408, 838.9
1409, 1142.3
1410, 762.4
1411, 686.2
1412, 677.0
1413, 912.4
1414, 837.7
1415, 799.8
1416, 866.3
1417, 737.3
1418, 733.2
1419, 734.6
1420, 757.7
1421, 104.6
1422, 736.6
1423, 796.1
1424, 757.8
1425, 798.0
1426, 810.8
1427, 726.7
1428, 0.0
1429, 803.6
1430, 832.0
1431, 804.1
1432, 651.6
1433, 865.7
1434, 767.0
1435, 0.0
1436, 843.7
1437, 702.4
1438, 1625.7
1439, 387.0
1440, 0.0
1441, 723.6
1442, 794.2
1443, 798.7
1444, 1779.9
1445, 977.9
1446, 782.4
1447, 788.9
1448, 714.1
1449, 827.2
1450, 1456.2
1451, 803.6
1452, 771.7
1453, 735.7
1454, 737.6
1455, 1667.9
1456, 786.0
1457, 769.1
1458, 727.5
1459, 0.0
1460, 0.0
1461, 813.6
1462, 849.7
1463, 836.9
1464, 723.7
1465, 762.9
1466, 782.5
1467, 729.2
1468, 933.4
1469, 720.1
1470, 0.0
1471, 808.8
1472, 0.0
1473, 782.9
1474, 3244.8
1475, 850.0
1476, 721.8
1477, 1333.7
1478, 810.6
1479, 0.0
1480, 786.5
1481, 0.0
1482, 797.8
1483, 1006.9
1484, 727.4
1485, 718.4
1486, 741.9
1487, 730.4
1488, 773.0
1489, 845.6
1490, 1071.1
1491, 755.4
1492, 737.2
1493, 727.6
1494, 735.5
1495, 940.0
1496, 840.8
1497, 783.2
1498, 0.0
1499, 215.9
1500, 730.5
1501, 813.3
1502, 704.6
1503, 1338.9
1504, 834.9
1505, 0.0
1506, 777.5
1507, 1266.0
1508, 0.0
1509, 343.2
1510, 756.6
1511, 0.0
1512, 787.2
1513, 744.5
1514, 724.8
1515, 0.0
1516, 725.9
1517, 205.2
1518, 771.3
1519, 737.3
1520, 818.8
1521, 775.4
1522, 679.6
1523, 756.6
1524, 2351.0
1525, 750.9
1526, 0.0
1527, 797.7
1528, 0.0
1529, 0.0
1530, 0.0
1531, 810.3
1532, 1719.0
1533, 728.4
1534, 701.2
1535, 746.9
1536, 0.0
1537, 959.1
1538, 1141.2
1539, 712.2
1540, 809.2
1541, 715.0
1542, 825.6
1543, 815.1
1544, 724.1
1545, 820.6
1546, 860.2
1547, 777.5
1548, 790.1
1549, 737.3
1550, 683.0
1551, 712.9
1552, 738.3
1553, 773.8
1554, 0.0
1555, 729.2
1556, 831.9
1557, 756.4
1558, 752.3
1559, 770.2
1560, 839.4
1561, 852.7
1562, 0.0
1563, 0.0
1564, 788.2
1565, 696.3
1566, 740.5
1567, 809.6
1568, 830.6
1569, 717.3
1570, 779.6
1571, 841.6
1572, 688.8
1573, 710.0
1574, 812.2
1575, 774.1
1576, 1133.2
1577, 803.7
1578, 872.4
1579, 850.2
1580, 830.5
1581, 775.3
1582, 746.6
1583, 746.5
1584, 383.6
1585, 741.8
1586, 758.7
1587, 800.0
1588, 810.1
1589, 758.9
1590, 920.2
1591, 0.0
1592, 752.7
1593, 1029.3
1594, 773.0
1595, 846.7
1596, 746.6
1597, 774.8
1598, 761.7
1599, 796.1
1600, 724.3
1601, 800.0
1602, 1179.4
1603, 689.4
1604, 1296.3
1605, 222.2
1606, 0.0
1607, 0.0
1608, 791.2
1609, 856.4
1610, 808.9
1611, 698.4
1612, 769.6
1613, 696.5
1614, 823.7
1615, 773.6
1616, 807.5
1617, 770.5
1618, 806.9
1619, 820.3
1620, 529.1
1621, 0.0
1622, 868.3
1623, 836.3
1624, 747.5
1625, 797.6
1626, 753.5
1627, 764.4
1628, 1825.6
1629, 1846.7
1630, 772.0
1631, 764.0
1632, 781.2
1633, 759.8
1634, 867.3
1635, 835.3
1636, 770.9
1637, 878.7
1638, 718.8
1639, 0.0
1640, 1608.3
1641, 779.1
1642, 0.0
1643, 708.8
1644, 718.4
1645, 1595.7
1646, 734.0
1647, 817.9
1648, 953.3
1649, 553.8
1650, 741.2
1651, 1354.8
1652, 648.6
1653, 0.0
1654, 799.8
1655, 0.0
1656, 949.9
1657, 971.2
1658, 838.1
1659, 1917.7
1660, 794.9
1661, 726.2
1662, 859.3
1663, 911.5
1664, 736.1
1665, 763.2
1666, 792.1
1667, 0.0
1668, 846.9
1669, 819.1
1670, 715.7
1671, 854.7
1672, 795.6
1673, 756.5
1674, 3452.3
1675, 133.2
1676, 790.8
1677, 843.4
1678, 847.8
1679, 777.4
1680, 782.7
1681, 690.3
1682, 806.5
1683, 717.9
1684, 754.3
1685, 750.1
1686, 755.6
1687, 834.0
1688, 0.0
1689, 0.0
1690, 738.3
1691, 799.8
1692, 735.9
1693, 844.5
1694, 0.0
1695, 801.9
1696, 752.3
1697, 795.3
1698, 609.1
1699, 736.2
1700, 762.2
1701, 662.6
1702, 754.4
1703, 729.7
1704, 749.0
1705, 822.7
1706, 790.8
1707, 848.7
1708, 770.6
1709, 0.0
1710, 341.4
1711, 763.9
1712, 724.2
1713, 863.9
1714, 0.0
1715, 700.5
1716, 843.0
1717, 837.3
1718, 0.0
1719, 778.3
1720, 764.9
1721, 760.8
1722, 806.7
1723, 877.4
1724, 832.1
1725, 715.4
1726, 2568.1
1727, 848.8
1728, 2541.7
1729, 740.7
1730, 732.3
1731, 865.6
1732, 783.3
1733, 804.7
1734, 757.4
1735, 760.2
1736, 1010.4
1737, 880.6
1738, 744.2
1739, 808.8
1740, 0.0
1741, 834.1
1742, 758.7
1743, 841.6
1744, 798.3
1745, 746.4
1746, 797.2
1747, 495.5
1748, 785.5
1749, 806.9
1750, 0.0
1751, 821.4
1752, 754.2
1753, 826.4
1754, 766.5
1755, 0.0
1756, 852.1
1757, 735.5
1758, 760.3
1759, 849.5
1760, 790.7
1761, 751.6
1762, 752.5
1763, 939.9
1764, 1018.7
1765, 908.9
1766, 781.3
1767, 771.9
1768, 0.0
1769, 777.3
1770, 766.2
1771, 903.9
1772, 812.7
1773, 0.0
1774, 801.4
1775, 736.2
1776, 825.2
1777, 786.8
1778, 3020.8
1779, 770.9
1780, 775.8
1781, 805.1
1782, 738.1
1783, 779.9
1784, 76.2
1785, 725.0
1786, 1398.1
1787, 745.8
1788, 757.9
1789, 880.6
1790, 210.4
1791, 0.0
1792, 900.9
1793, 677.3
1794, 1221.1
1795, 1131.8
1796, 748.9
1797, 822.5
1798, 768.6
1799, 0.0
1800, 913.1
1801, 0.0
1802, 836.4
1803, 1253.3
1804, 1389.2
1805, 819.0
1806, 0.0
1807, 851.4
1808, 730.2
1809, 809.6
1810, 776.0
1811, 735.9
1812, 691.0
1813, 759.7
1814, 725.7
1815, 0.0
1816, 827.6
1817, 872.4
1818, 749.2
1819, 835.6
1820, 762.5
1821, 0.0
1822, 719.6
1823, 758.3
1824, 718.9
1825, 791.6
1826, 861.7
1827, 851.3
1828, 746.0
1829, 756.0
1830, 757.8
1831, 767.7
1832, 923.0
1833, 782.2
1834, 760.0
1835, 1163.2
1836, 845.1
1837, 810.4
1838, 732.5
1839, 679.2
1840, 802.6
1841, 677.7
1842, 725.0
1843, 0.0
1844, 768.0
1845, 830.8
1846, 710.6
1847, 806.7
1848, 723.1
1849, 0.0
1850, 821.8
1851, 793.7
1852, 873.5
1853, 0.0
1854, 865.6
1855, 0.0
1856, 718.9
1857, 735.2
1858, 751.7
1859, 768.2
1860, 806.0
1861, 777.3
1862, 800.2
1863, 736.4
1864, 777.4
1865, 755.9
1866, 743.7
1867, 867.9
1868, 0.0
1869, 4751.2
1870, 642.4
1871, 720.6
1872, 720.2
1873, 1475.6
1874, 0.0
1875, 774.5
1876, 0.0
1877, 0.0
1878, 0.0
1879, 0.0
1880, 0.0
1881, 80.6
1882, 763.8
1883, 732.4
1884, 1292.3
1885, 884.2
1886, 764.7
1887, 762.2
1888, 0.0
1889, 0.0
1890, 904.2
1891, 827.1
1892, 731.1
1893, 770.6
1894, 871.8
1895, 805.5
1896, 831.6
1897, 735.9
1898, 840.3
1899, 785.4
1900, 843.4
1901, 755.3
1902, 716.7
1903, 897.3
1904, 721.7
1905, 790.5
1906, 803.4
1907, 0.0
1908, 722.4
1909, 1042.2
1910, 833.3
1911, 0.0
1912, 766.7
1913, 1707.5
1914, 431.4
1915, 804.4
1916, 773.0
1917, 672.3
1918, 754.7
1919, 737.5
1920, 816.8
1921, 683.5
1922, 816.7
1923, 688.0
1924, 838.2
1925, 713.2
1926, 843.7
1927, 745.3
1928, 714.3
1929, 705.3
1930, 0.0
1931, 788.4
1932, 685.9
1933, 762.8
1934, 1036.0
1935, 777.2
1936, 0.0
1937, 1440.6
1938, 942.6
1939, 807.6
1940, 890.5
1941, 754.8
1942, 951.2
1943, 735.0
1944, 782.4
1945, 1586.0
1946, 761.2
1947, 783.0
1948, 736.6
1949, 0.0
1950, 765.1
1951, 0.0
1952, 726.9
1953, 692.4
1954, 764.0
1955, 0.0
1956, 1440.1
1957, 754.6
1958, 766.1
1959, 800.2
1960, 0.0
1961, 0.0
1962, 0.0
1963, 747.8
1964, 801.9
1965, 743.9
1966, 757.1
1967, 774.9
1968, 459.0
1969, 752.6
1970, 703.4
1971, 876.2
1972, 743.7
1973, 744.4
1974, 0.0
1975, 716.8
1976, 835.0
1977, 0.0
1978, 764.9
1979, 766.1
1980, 874.8
1981, 0.0
1982, 761.9
1983, 699.2
1984, 769.6
1985, 767.9
1986, 749.8
1987, 746.1
1988, 0.0
1989, 901.2
1990, 758.8
1991, 0.0
1992, 754.4
1993, 833.3
1994, 843.6
1995, 788.2
1996, 67.7
1997, 744.2
1998, 1011.7
1999, 1271.6
2000, 1545.5
2001, 974.8
2002, 788.5
2003, 2562.5
2004, 2541.3
2005, 725.8
2006, 726.4
2007, 0.0
2008, 0.0
2009, 829.6
2010, 773.5
2011, 1179.7
2012, 771.2
2013, 850.5
2014, 767.7
2015, 785.9
2016, 589.9
2017, 792.3
2018, 826.9
2019, 2067.8
2020, 727.6
2021, 880.0
2022, 903.6
2023, 743.8
2024, 788.1
2025, 734.4
2026, 788.0
2027, 876.7
2028, 810.4
2029, 811.3
2030, 768.8
2031, 809.6
2032, 782.5
2033, 804.4
2034, 0.0
2035, 749.8
2036, 752.7
2037, 0.0
2038, 712.6
2039, 0.0
2040, 371.3
2041, 144.5
2042, 784.9
2043, 682.1
2044, 0.0
2045, 745.3
2046, 1359.7
2047, 744.2
2048, 786.6
2049, 800.9
2050, 872.7
2051, 1730.3
2052, 0.0
2053, 830.5
2054, 733.4
2055, 860.1
2056, 798.6
2057, 0.0
2058, 801.6
2059, 781.8
2060, 749.9
2061, 879.6
2062, 739.6
2063, 0.0
2064, 803.4
2065, 0.0
2066, 0.0
2067, 2321.3
2068, 0.0
2069, 778.0
2070, 790.7
2071, 731.1
2072, 737.6
2073, 731.9
2074, 73.1
2075, 750.8
2076, 718.9
2077, 783.8
2078, 895.0
2079, 816.7
2080, 764.2
2081, 773.9
2082, 1299.1
2083, 764.0
2084, 196.1
2085, 733.1
2086, 813.5
2087, 0.0
2088, 0.0
2089, 720.5
2090, 0.0
2091, 868.7
2092, 761.0
2093, 777.0
2094, 807.6
2095, 0.0
2096, 708.8
2097, 770.2
2098, 773.5
2099, 793.6
2100, 769.9
2101, 697.6
2102, 798.6
2103, 733.9
2104, 771.8
2105, 675.5
2106, 0.0
2107, 880.3
2108, 707.7
2109, 731.5
2110, 683.8
2111, 714.5
2112, 685.2
2113, 786.1
2114, 784.2
2115, 809.3
2116, 792.1
2117, 736.9
2118, 759.3
2119, 781.8
2120, 2389.8
2121, 744.9
2122, 673.7
2123, 811.7
2124, 2319.2
2125, 714.5
2126, 772.2
2127, 871.6
2128, 1061.0
2129, 1707.3
2130, 780.2
2131, 784.7
2132, 1256.2
2133, 0.0
2134, 0.0
2135, 752.2
2136, 731.8
2137, 849.6
2138, 766.7
2139, 968.3
2140, 758.7
2141, 746.1
2142, 843.1
2143, 0.0
2144, 793.7
2145, 723.3
2146, 807.0
2147, 805.9
2148, 0.0
2149, 0.0
2150, 709.1
2151, 773.2
2152, 797.0
2153, 942.5
2154, 730.5
2155, 928.7
2156, 2765.8
2157, 0.0
2158, 857.7
2159, 836.4
2160, 806.8
2161, 677.0
2162, 1679.0
2163, 0.0
2164, 226.3
2165, 1043.5
2166, 772.2
2167, 772.6
2168, 3841.4
2169, 751.7
2170, 748.9
2171, 0.0
2172, 851.5
2173, 1662.6
2174, 0.0
2175, 814.0
2176, 772.5
2177, 826.8
2178, 736.6
2179, 1005.7
2180, 732.5
2181, 760.3
2182, 731.3
2183, 730.3
2184, 724.8
2185, 0.0
2186, 809.8
2187, 784.9
2188, 763.8
2189, 793.3
2190, 838.1
2191, 793.6
2192, 0.0
2193, 1241.0
2194, 734.9
2195, 0.0
2196, 0.0
2197, 774.6
2198, 773.7
2199, 0.0
2200, 0.0
2201, 0.0
2202, 754.8
2203, 805.4
2204, 370.7
2205, 929.3
2206, 0.0
2207, 804.6
2208, 715.2
2209, 844.0
2210, 749.4
2211, 1503.2
2212, 704.7
2213, 747.5
2214, 432.9
2215, 739.7
2216, 777.9
2217, 0.0
2218, 881.9
2219, 792.4
2220, 0.0
2221, 496.9
2222, 744.5
2223, 809.5
2224, 1825.5
2225, 1231.5
2226, 774.8
2227, 1280.4
2228, 745.9
2229, 774.1
2230, 980.7
2231, 803.6
2232, 793.0
2233, 853.9
2234, 769.5
2235, 644.3
2236, 764.1
2237, 0.0
2238, 808.3
2239, 724.6
2240, 730.4
2241, 699.5
2242, 887.7
2243, 952.0
2244, 756.2
2245, 1220.9
2246, 753.5
2247, 823.3
2248, 736.5
2249, 2399.0
2250, 752.3
2251, 821.7
2252, 778.4
2253, 0.0
2254, 986.6
2255, 865.9
2256, 0.0
2257, 746.4
2258, 1068.4
2259, 743.6
2260, 768.1
2261, 721.5
2262, 1510.9
2263, 1421.4
2264, 755.9
2265, 1144.5
2266, 557.4
2267, 810.5
2268, 752.7
2269, 737.0
2270, 727.6
2271, 747.0
2272, 691.4
2273, 773.1
2274, 764.4
2275, 772.7
2276, 1649.4
2277, 1296.0
2278, 840.9
2279, 378.0
2280, 715.8
2281, 703.6
2282, 282.6
2283, 742.0
2284, 737.9
2285, 817.0
2286, 812.8
2287, 840.5
2288, 830.1
2289, 832.2
2290, 0.0
2291, 708.3
2292, 0.0
2293, 766.7
2294, 1169.1
2295, 714.5
2296, 801.3
2297, 0.0
2298, 789.0
2299, 754.0
2300, 1432.8
2301, 3491.7
2302, 785.1
2303, 109.0
2304, 795.8
2305, 732.7
2306, 784.5
2307, 827.5
2308, 793.8
2309, 782.1
2310, 772.8
2311, 810.0
2312, 1317.6
2313, 760.5
2314, 754.8
2315, 742.1
2316, 782.1
2317, 726.4
2318, 844.2
2319, 776.7
2320, 0.0
2321, 782.7
2322, 758.9
2323, 0.0
2324, 3251.8
2325, 747.4
2326, 0.0
2327, 1092.4
2328, 773.1
2329, 686.5
2330, 778.3
2331, 1065.4
2332, 731.9
2333, 778.8
2334, 1214.6
2335, 755.2
2336, 728.5
2337, 824.6
2338, 859.0
2339, 754.7
2340, 0.0
2341, 817.2
2342, 740.4
2343, 781.5
2344, 803.7
2345, 770.3
2346, 931.0
2347, 830.0
2348, 712.5
2349, 862.5
2350, 765.0
2351, 823.4
2352, 726.1
2353, 368.0
2354, 784.2
2355, 776.3
2356, 828.6
2357, 1093.8
2358, 737.4
2359, 0.0
2360, 765.1
2361, 749.1
2362, 800.6
2363, 848.1
2364, 788.8
2365, 729.1
2366, 916.8
2367, 852.9
2368, 0.0
2369, 0.0
2370, 695.8
2371, 1002.4
2372, 782.8
2373, 732.2
2374, 831.0
2375, 722.2
2376, 822.1
2377, 822.0
2378, 783.0
2379, 1025.0
2380, 1050.6
2381, 768.1
2382, 867.5
2383, 796.2
2384, 0.0
2385, 755.8
2386, 757.4
2387, 3017.1
2388, 0.0
2389, 734.7
2390, 754.8
2391, 794.7
2392, 778.7
2393, 0.0
2394, 879.1
2395, 3314.0
2396, 27.1
2397, 821.9
2398, 0.0
2399, 718.2
2400, 812.0
2401, 706.2
2402, 1137.5
2403, 768.9
2404, 100.1
2405, 971.7
2406, 902.7
2407, 1852.7
2408, 889.3
2409, 0.0
2410, 213.0
2411, 1092.4
2412, 0.0
2413, 723.9
2414, 736.1
2415, 897.3
2416, 830.6
2417, 0.0
2418, 826.2
2419, 835.5
2420, 802.7
2421, 789.4
2422, 0.0
2423, 751.4
2424, 0.0
2425, 750.4
2426, 809.5
2427, 889.4
2428, 766.4
2429, 944.2
2430, 839.6
2431, 796.1
2432, 827.8
2433, 899.2
2434, 740.2
2435, 732.1
2436, 816.7
2437, 740.0
2438, 0.0
2439, 772.1
2440, 1057.6
2441, 808.0
2442, 1151.8
2443, 712.3
2444, 845.4
2445, 726.2
2446, 765.5
2447, 788.4
2448, 874.3
2449, 744.1
2450, 769.4
2451, 842.9
2452, 817.6
2453, 529.9
2454, 862.0
2455, 843.4
2456, 787.4
2457, 733.8
2458, 848.0
2459, 0.0
2460, 0.0
2461, 755.2
2462, 0.0
2463, 864.8
2464, 761.4
2465, 623.5
2466, 0.0
2467, 787.1
2468, 783.4
2469, 1851.8
2470, 773.9
2471, 911.2
2472, 0.0
2473, 801.3
2474, 977.8
2475, 0.0
2476, 814.3
2477, 0.0
2478, 814.5
2479, 742.9
2480, 814.2
2481, 735.7
2482, 721.3
2483, 670.2
2484, 6272.8
2485, 726.0
2486, 768.4
2487, 0.0
2488, 2557.4
2489, 801.0
2490, 707.7
2491, 752.1
2492, 799.4
2493, 0.0
2494, 739.8
2495, 786.5
2496, 756.1
2497, 783.2
2498, 839.9
2499, 0.0
2500, 760.5
2501, 794.1
2502, 769.2
2503, 775.6
2504, 864.8
2505, 756.6
2506, 715.3
2507, 456.2
2508, 801.5
2509, 1943.6
2510, 738.4
2511, 706.8
2512, 743.5
2513, 799.3
2514, 847.1
2515, 995.3
2516, 775.1
2517, 778.7
2518, 751.4
2519, 776.1
2520, 1018.3
2521, 771.5
2522, 907.4
2523, 774.1
2524, 751.0
2525, 706.6
2526, 0.0
2527, 853.0
2528, 703.7
2529, 0.0
2530, 819.9
2531, 803.7
2532, 678.9
2533, 757.0
2534, 794.2
2535, 731.2
2536, 775.1
2537, 891.4
2538, 0.0
2539, 842.7
2540, 0.0
2541, 0.0
2542, 880.3
2543, 809.3
2544, 4873.1
2545, 845.9
2546, 703.7
2547, 998.5
2548, 832.4
2549, 780.3
2550, 862.3
2551, 731.6
2552, 787.0
2553, 748.7
2554, 1505.8
2555, 47.5
2556, 755.0
2557, 0.0
2558, 1055.0
2559, 2687.5
2560, 981.7
2561, 732.6
2562, 784.3
2563, 741.3
2564, 0.0
2565, 0.0
2566, 726.9
2567, 788.6
2568, 703.9
2569, 741.6
2570, 0.0
2571, 737.8
2572, 0.0
2573, 839.6
2574, 779.1
2575, 775.3
2576, 816.8
2577, 892.5
2578, 222.9
2579, 1397.0
2580, 736.8
2581, 1554.8
2582, 0.0
2583, 0.0
2584, 709.9
2585, 873.7
2586, 752.1
2587, 739.3
2588, 1398.8
2589, 833.7
2590, 718.8
2591, 831.6
2592, 761.4
2593, 781.2
2594, 818.5
2595, 767.7
2596, 736.4
2597, 768.1
2598, 162.5
2599, 0.0
2600, 0.0
2601, 807.9
2602, 238.2
2603, 959.9
2604, 887.3
2605, 875.2
2606, 1404.2
2607, 854.8
2608, 0.0
2609, 805.0
2610, 743.3
2611, 865.1
2612, 783.3
2613, 1182.4
2614, 788.0
2615, 725.2
2616, 745.1
2617, 730.0
2618, 987.6
2619, 0.0
2620, 0.0
2621, 0.0
2622, 789.8
2623, 700.8
2624, 712.8
2625, 749.7
2626, 813.7
2627, 719.2
2628, 776.0
2629, 829.3
2630, 1040.9
2631, 0.0
2632, 788.4
2633, 1983.5
2634, 692.6
2635, 760.9
2636, 750.7
2637, 726.2
2638, 1426.0
2639, 862.3
2640, 0.0
2641, 736.2
2642, 706.2
2643, 899.6
2644, 1085.0
2645, 327.3
2646, 748.8
2647, 993.7
2648, 752.1
2649, 709.4
2650, 684.3
2651, 772.4
2652, 880.3
2653, 711.8
2654, 1128.8
2655, 731.7
2656, 847.1
2657, 803.0
2658, 769.0
2659, 795.6
2660, 486.2
2661, 523.5
2662, 0.0
2663, 996.4
2664, 739.0
2665, 755.6
2666, 704.5
2667, 755.4
2668, 696.4
2669, 738.5
2670, 858.1
2671, 1347.8
2672, 771.8
2673, 1650.2
2674, 857.3
2675, 779.5
2676, 903.2
2677, 741.0
2678, 793.9
2679, 1089.2
2680, 802.1
2681, 762.0
2682, 220.5
2683, 0.0
2684, 845.3
2685, 717.4
2686, 2133.0
2687, 897.8
2688, 810.4
2689, 800.2
2690, 726.7
2691, 854.4
2692, 738.2
2693, 400.9
2694, 776.8
2695, 798.8
2696, 724.8
2697, 842.7
2698, 756.9
2699, 1208.5
2700, 1333.3
2701, 1053.8
2702, 2427.2
2703, 844.5
2704, 770.8
2705, 718.9
2706, 816.2
2707, 701.1
2708, 496.4
2709, 803.0
2710, 720.4
2711, 1685.1
2712, 822.6
2713, 736.2
2714, 891.0
2715, 799.7
2716, 719.2
2717, 826.3
2718, 864.0
2719, 899.7
2720, 761.8
2721, 737.8
2722, 634.7
2723, 751.8
2724, 0.0
2725, 750.2
2726, 761.5
2727, 680.5
2728, 772.9
2729, 779.7
2730, 781.8
2731, 782.7
2732, 809.9
2733, 0.0
2734, 764.6
2735, 0.0
2736, 0.0
2737, 840.9
2738, 865.7
2739, 835.1
2740, 833.5
2741, 775.6
2742, 0.0
2743, 754.0
2744, 0.0
2745, 1058.5
2746, 833.1
2747, 733.3
2748, 734.0
2749, 894.4
2750, 766.2
2751, 705.3
2752, 755.6
2753, 763.2
2754, 824.0
2755, 1143.1
2756, 1135.3
2757, 1046.1
2758, 812.7
2759, 718.5
2760, 732.4
2761, 769.8
2762, 696.0
2763, 747.6
2764, 714.5
2765, 682.2
2766, 742.4
2767, 1155.8
2768, 851.7
2769, 2050.3
2770, 0.0
2771, 735.5
2772, 804.9
2773, 925.4
2774, 781.7
2775, 0.0
2776, 778.7
2777, 0.0
2778, 780.9
2779, 250.6
2780, 726.9
2781, 733.6
2782, 794.2
2783, 789.9
2784, 706.4
2785, 880.9
2786, 4734.0
2787, 825.4
2788, 0.0
2789, 216.3
2790, 717.7
2791, 766.8
2792, 746.7
2793, 759.9
2794, 764.3
2795, 773.5
2796, 775.3
2797, 715.5
2798, 1593.2
2799, 775.3
2800, 736.8
2801, 782.8
2802, 753.3
2803, 848.7
2804, 786.2
2805, 0.0
2806, 739.1
2807, 1053.4
2808, 0.0
2809, 1063.5
2810, 2096.7
2811, 726.7
2812, 784.6
2813, 675.3
2814, 825.5
2815, 704.0
2816, 6930.8
2817, 744.0
2818, 732.8
2819, 720.0
2820, 0.0
2821, 0.0
2822, 2190.3
2823, 1041.1
2824, 939.3
2825, 0.0
2826, 836.6
2827, 725.6
2828, 784.4
2829, 846.5
2830, 819.7
2831, 683.4
2832, 696.9
2833, 464.7
2834, 728.3
2835, 869.4
2836, 971.3
2837, 838.2
2838, 1983.1
2839, 0.0
2840, 726.1
2841, 810.7
2842, 761.9
2843, 0.0
2844, 865.0
2845, 838.2
2846, 772.3
2847, 721.5
2848, 803.5
2849, 801.9
2850, 708.9
2851, 782.2
2852, 737.0
2853, 794.5
2854, 751.1
2855, 2751.6
2856, 1192.3
2857, 880.2
2858, 261.8
2859, 0.0
2860, 697.4
2861, 712.9
2862, 716.9
2863, 834.0
2864, 801.7
2865, 0.0
2866, 770.0
2867, 752.4
2868, 753.4
2869, 891.9
2870, 5146.5
2871, 799.0
2872, 722.3
2873, 724.1
2874, 723.9
2875, 937.7
2876, 785.4
2877, 800.1
2878, 747.3
2879, 745.1
2880, 802.2
2881, 717.4
2882, 843.8
2883, 1523.9
2884, 798.1
2885, 800.3
2886, 875.3
2887, 786.6
2888, 689.6
2889, 806.9
2890, 896.5
2891, 789.7
2892, 825.2
2893, 0.0
2894, 825.0
2895, 811.6
2896, 773.6
2897, 0.0
2898, 792.1
2899, 0.0
2900, 819.3
2901, 834.0
2902, 1632.7
2903, 0.0
2904, 1593.6
2905, 735.1
2906, 0.0
2907, 780.2
2908, 750.5
2909, 829.4
2910, 788.1
2911, 779.8
2912, 830.6
2913, 793.0
2914, 742.8
2915, 828.2
2916, 1431.8
2917, 465.1
2918, 903.3
2919, 817.8
2920, 813.8
2921, 948.8
2922, 712.3
2923, 835.0
2924, 756.4
2925, 701.5
2926, 718.1
2927, 877.2
2928, 0.0
2929, 777.3
2930, 713.0
2931, 738.9
2932, 765.1
2933, 745.9
2934, 378.6
2935, 1077.9
2936, 703.0
2937, 0.0
2938, 857.8
2939, 774.5
2940, 1901.0
2941, 777.9
2942, 0.0
2943, 813.5
2944, 768.1
2945, 0.0
2946, 709.7
2947, 759.5
2948, 759.1
2949, 720.4
2950, 918.7
2951, 835.0
2952, 819.2
2953, 848.4
2954, 762.3
2955, 779.6
2956, 716.5
2957, 0.0
2958, 701.8
2959, 782.9
2960, 847.4
2961, 846.4
2962, 768.7
2963, 1575.4
2964, 805.0
2965, 726.6
2966, 0.0
2967, 741.3
2968, 1425.0
2969, 858.7
2970, 1674.4
2971, 740.8
2972, 656.7
2973, 716.5
2974, 745.6
2975, 0.0
2976, 856.7
2977, 1097.2
2978, 781.9
2979, 688.8
2980, 875.2
2981, 811.4
2982, 763.2
2983, 193.9
2984, 738.3
2985, 1042.4
2986, 772.7
2987, 816.2
2988, 740.8
2989, 834.9
2990, 1710.2
2991, 1039.7
2992, 799.8
2993, 299.7
2994, 753.4
2995, 757.0
2996, 864.1
2997, 0.0
2998, 811.6
2999, 0.0
3000, 843.6
3001, 859.1
3002, 754.0
3003, 882.1
3004, 812.5
3005, 811.3
3006, 795.9
3007, 749.7
3008, 752.0
3009, 839.4
3010, 0.0
3011, 704.2
3012, 747.3
3013, 0.0
3014, 760.4
3015, 738.1
3016, 767.1
3017, 1108.1
3018, 737.4
3019, 728.6
3020, 0.0
3021, 907.9
3022, 856.1
3023, 0.0
3024, 754.7
3025, 829.3
3026, 844.0
3027, 751.8
3028, 746.0
3029, 1562.0
3030, 819.8
3031, 751.1
3032, 774.3
3033, 770.3
3034, 0.0
3035, 776.3
3036, 1077.3
3037, 725.9
3038, 2100.5
3039, 0.0
3040, 812.2
3041, 672.8
3042, 712.3
3043, 736.3
3044, 834.5
3045, 742.2
3046, 0.0
3047, 1069.1
3048, 1808.8
3049, 738.4
3050, 309.1
3051, 0.0
3052, 702.7
3053, 747.4
3054, 789.6
3055, 0.0
3056, 745.0
3057, 2972.2
3058, 831.5
3059, 807.9
3060, 792.8
3061, 0.0
3062, 764.8
3063, 869.1
3064, 749.1
3065, 741.2
3066, 781.2
3067, 731.4
3068, 720.6
3069, 0.0
3070, 0.0
3071, 775.3
3072, 1235.0
3073, 945.4
3074, 735.5
3075, 763.0
3076, 644.7
3077, 753.4
3078, 770.9
3079, 821.9
3080, 846.6
3081, 989.8
3082, 754.1
3083, 772.2
3084, 782.5
3085, 888.5
3086, 770.4
3087, 463.2
3088, 0.0
3089, 0.0
3090, 739.2
3091, 629.6
3092, 932.2
3093, 719.2
3094, 802.1
3095, 778.8
3096, 754.0
3097, 985.9
3098, 0.0
3099, 815.5
3100, 844.2
3101, 754.5
3102, 854.3
3103, 779.2
3104, 829.7
3105, 1972.4
3106, 0.0
3107, 841.7
3108, 757.1
3109, 1377.2
3110, 772.5
3111, 753.3
3112, 758.6
3113, 2775.4
3114, 766.4
3115, 732.4
3116, 932.2
3117, 0.0
3118, 703.9
3119, 898.7
3120, 826.2
3121, 776.3
3122, 3756.5
3123, 748.9
3124, 713.5
3125, 1032.0
3126, 824.6
3127, 767.9
3128, 1186.9
3129, 739.2
3130, 0.0
3131, 719.5
3132, 781.8
3133, 713.2
3134, 825.3
3135, 825.5
3136, 780.9
3137, 764.8
3138, 925.4
3139, 1049.6
3140, 0.0
3141, 796.6
3142, 758.6
3143, 778.9
3144, 770.8
3145, 758.4
3146, 373.4
3147, 777.9
3148, 727.1
3149, 746.3
3150, 338.8
3151, 1999.7
3152, 0.0
3153, 1923.8
3154, 773.9
3155, 1330.3
3156, 800.0
3157, 691.9
3158, 753.5
3159, 777.6
3160, 715.9
3161, 0.0
3162, 777.1
3163, 738.3
3164, 0.0
3165, 877.3
3166, 714.2
3167, 777.5
3168, 836.9
3169, 743.6
3170, 734.8
3171, 873.7
3172, 728.1
3173, 1119.0
3174, 800.0
3175, 846.9
3176, 774.9
3177, 4493.7
3178, 743.4
3179, 1104.0
3180, 804.3
3181, 1167.4
3182, 769.6
3183, 774.8
3184, 716.9
3185, 892.8
3186, 702.6
3187, 764.6
3188, 835.8
3189, 1601.4
3190, 780.6
3191, 713.0
3192, 818.5
3193, 1807.9
3194, 859.6
3195, 758.9
3196, 745.1
3197, 758.0
3198, 473.6
3199, 707.8
3200, 0.0
3201, 823.2
3202, 778.6
3203, 766.1
3204, 890.4
3205, 782.6
3206, 798.6
3207, 794.0
3208, 728.0
3209, 694.0
3210, 903.0
3211, 1197.0
3212, 705.6
3213, 755.9
3214, 930.9
3215, 775.5
3216, 77.3
3217, 1653.9
3218, 759.4
3219, 824.0
3220, 812.4
3221, 760.7
3222, 775.3
3223, 819.2
3224, 820.8
3225, 849.7
3226, 754.8
3227, 775.0
3228, 0.0
3229, 1566.8
3230, 777.9
3231, 774.5
3232, 766.6
3233, 666.8
3234, 707.0
3235, 733.9
3236, 694.8
3237, 746.6
3238, 706.4
3239, 1297.0
3240, 766.8
3241, 781.0
3242, 843.0
3243, 790.7
3244, 699.8
3245, 0.0
3246, 714.4
3247, 748.9
3248, 763.7
3249, 817.4
3250, 810.9
3251, 1151.0
3252, 747.2
3253, 776.2
3254, 717.3
3255, 949.1
3256, 1425.7
3257, 780.8
3258, 846.9
3259, 814.1
3260, 727.2
3261, 1002.6
3262, 1090.4
3263, 751.1
3264, 746.5
3265, 768.4
3266, 757.3
3267, 753.3
3268, 1004.4
3269, 756.9
3270, 658.4
3271, 0.0
3272, 0.0
3273, 0.0
3274, 784.8
3275, 3652.2
3276, 803.0
3277, 723.8
3278, 753.4
3279, 791.8
3280, 703.8
3281, 1097.8
3282, 782.8
3283, 727.3
3284, 772.1
3285, 1758.1
3286, 732.7
3287, 783.9
3288, 773.2
3289, 811.4
3290, 789.3
3291, 2405.1
3292, 778.9
3293, 811.0
3294, 752.7
3295, 845.8
3296, 734.4
3297, 815.9
3298, 138.6
3299, 0.0
3300, 2093.2
3301, 730.4
3302, 697.7
3303, 0.0
3304, 794.2
3305, 837.6
3306, 756.0
3307, 765.0
3308, 766.9
3309, 942.1
3310, 787.7
3311, 830.9
3312, 746.2
3313, 803.0
3314, 832.3
3315, 16.2
3316, 802.5
3317, 721.2
3318, 826.8
3319, 776.5
3320, 689.3
3321, 778.4
3322, 749.7
3323, 871.1
3324, 0.0
3325, 800.2
3326, 721.5
3327, 807.4
3328, 1015.3
3329, 807.1
3330, 838.2
3331, 656.3
3332, 805.9
3333, 837.7
3334, 729.4
3335, 783.9
3336, 193.6
3337, 817.6
3338, 733.8
3339, 506.7
3340, 756.9
3341, 739.7
3342, 782.5
3343, 758.8
3344, 727.1
3345, 821.0
3346, 862.9
3347, 814.4
3348, 1483.5
3349, 837.7
3350, 2328.6
3351, 0.0
3352, 742.8
3353, 819.7
3354, 0.0
3355, 855.6
3356, 737.3
3357, 766.8
3358, 759.5
3359, 812.5
3360, 748.5
3361, 879.3
3362, 795.1
3363, 0.0
3364, 767.2
3365, 0.0
3366, 0.0
3367, 861.2
3368, 774.0
3369, 2248.8
3370, 769.4
3371, 786.7
3372, 776.3
3373, 0.0
3374, 758.1
3375, 768.4
3376, 0.0
3377, 812.8
3378, 889.7
3379, 1264.6
3380, 904.0
3381, 752.9
3382, 791.1
3383, 1106.9
3384, 705.4
3385, 2711.5
3386, 750.4
3387, 781.1
3388, 779.9
3389, 0.0
3390, 259.4
3391, 745.8
3392, 720.3
3393, 789.4
3394, 792.6
3395, 749.3
3396, 0.0
3397, 769.1
3398, 711.4
3399, 715.8
3400, 0.0
3401, 797.6
3402, 751.2
3403, 708.7
3404, 764.1
3405, 820.4
3406, 1145.2
3407, 710.7
3408, 0.0
3409, 2627.9
3410, 0.0
3411, 770.2
3412, 830.3
3413, 855.4
3414, 849.7
3415, 0.0
3416, 782.3
3417, 706.0
3418, 797.3
3419, 767.2
3420, 668.0
3421, 747.7
3422, 883.2
3423, 880.8
3424, 591.8
3425, 0.0
3426, 736.8
3427, 759.8
3428, 743.8
3429, 856.0
3430, 838.4
3431, 803.4
3432, 786.0
3433, 788.6
3434, 823.2
3435, 730.0
3436, 766.8
3437, 810.1
3438, 1206.8
3439, 754.3
3440, 836.0
3441, 829.7
3442, 723.3
3443, 891.0
3444, 0.0
3445, 753.4
3446, 732.0
3447, 750.1
3448, 746.2
3449, 816.7
3450, 0.0
3451, 749.1
3452, 691.9
3453, 748.0
3454, 732.6
3455, 1150.4
3456, 770.7
3457, 852.5
3458, 736.8
3459, 0.0
3460, 815.6
3461, 695.4
3462, 333.6
3463, 2622.3
3464, 712.3
3465, 962.3
3466, 818.5
3467, 723.7
3468, 992.2
3469, 970.9
3470, 743.3
3471, 71.4
3472, 0.0
3473, 965.9
3474, 455.3
3475, 799.4
3476, 733.5
3477, 807.7
3478, 752.6
3479, 782.4
3480, 790.7
3481, 887.1
3482, 799.0
3483, 779.3
3484, 784.0
3485, 1676.1
3486, 852.1
3487, 764.2
3488, 0.0
3489, 0.0
3490, 531.8
3491, 795.2
3492, 855.2
3493, 1015.1
3494, 730.3
3495, 782.5
3496, 758.2
3497, 717.6
3498, 760.3
3499, 767.1
3500, 786.4
3501, 854.0
3502, 0.0
3503, 1044.4
3504, 799.0
3505, 630.6
3506, 0.0
3507, 760.4
3508, 790.5
3509, 704.7
3510, 744.6
3511, 738.6
3512, 766.0
3513, 765.4
3514, 743.9
3515, 0.0
3516, 0.0
3517, 3783.8
3518, 688.5
3519, 3915.4
3520, 748.2
3521, 1446.2
3522, 27.4
3523, 768.9
3524, 1275.8
3525, 961.9
3526, 765.6
3527, 1223.2
3528, 883.8
3529, 1174.4
3530, 843.7
3531, 926.0
3532, 857.1
3533, 858.6
3534, 740.1
3535, 724.6
3536, 844.8
3537, 743.4
3538, 804.0
3539, 775.9
3540, 757.4
3541, 1002.9
3542, 664.4
3543, 0.0
3544, 763.7
3545, 0.0
3546, 764.0
3547, 829.8
3548, 740.8
3549, 802.7
3550, 836.5
3551, 938.7
3552, 0.0
3553, 0.0
3554, 821.7
3555, 726.2
3556, 710.8
3557, 755.7
3558, 909.5
3559, 786.1
3560, 758.5
3561, 743.3
3562, 711.0
3563, 759.6
3564, 752.4
3565, 199.2
3566, 1544.5
3567, 737.3
3568, 1044.1
3569, 729.4
3570, 825.4
3571, 701.6
3572, 716.3
3573, 0.0
3574, 767.9
3575, 0.0
3576, 0.0
3577, 693.6
3578, 824.5
3579, 797.5
3580, 0.0
3581, 799.9
3582, 723.3
3583, 742.2
3584, 710.7
3585, 1798.9
3586, 779.0
3587, 876.7
3588, 750.4
3589, 1025.4
3590, 718.8
3591, 803.9
3592, 745.7
3593, 872.7
3594, 0.0
3595, 731.3
3596, 2035.8
3597, 748.8
3598, 754.0
3599, 0.0
3600, 775.6
3601, 753.2
3602, 737.3
3603, 744.8
3604, 0.0
3605, 746.5
3606, 909.3
3607, 839.8
3608, 790.9
3609, 770.2
3610, 0.0
3611, 826.6
3612, 754.1
3613, 789.4
3614, 748.7
3615, 760.7
3616, 756.9
3617, 897.7
3618, 3807.1
3619, 780.7
3620, 917.0
3621, 754.4
3622, 762.3
3623, 704.3
3624, 719.6
3625, 839.5
3626, 771.7
3627, 746.1
3628, 604.2
3629, 934.2
3630, 0.0
3631, 0.0
3632, 992.9
3633, 769.1
3634, 746.2
3635, 742.8
3636, 756.1
3637, 0.0
3638, 699.0
3639, 932.5
3640, 693.8
3641, 891.2
3642, 811.6
3643, 783.9
3644, 745.5
3645, 102.8
3646, 955.5
3647, 0.0
3648, 790.3
3649, 777.8
3650, 796.4
3651, 1072.6
3652, 923.7
3653, 0.0
3654, 154.0
3655, 783.2
3656, 442.4
3657, 788.1
3658, 1425.8
3659, 953.8
3660, 836.8
3661, 699.0
3662, 826.9
3663, 1372.0
3664, 3453.7
3665, 747.6
3666, 686.8
3667, 364.9
3668, 845.8
3669, 820.8
3670, 728.0
3671, 778.3
3672, 781.9
3673, 762.0
3674, 850.6
3675, 727.3
3676, 839.5
3677, 756.8
3678, 782.7
3679, 747.6
3680, 753.6
3681, 667.5
3682, 946.8
3683, 712.7
3684, 795.4
3685, 737.2
3686, 775.8
3687, 701.6
3688, 913.3
3689, 851.8
3690, 714.6
3691, 749.0
3692, 656.4
3693, 0.0
3694, 1984.9
3695, 0.0
3696, 0.0
3697, 970.2
3698, 0.0
3699, 775.0
3700, 748.1
3701, 833.8
3702, 967.5
3703, 797.2
3704, 742.4
3705, 745.6
3706, 797.1
3707, 930.6
3708, 923.1
3709, 767.5
3710, 801.9
3711, 790.8
3712, 818.6
3713, 0.0
3714, 0.0
3715, 733.9
3716, 0.0
3717, 744.5
3718, 1183.9
3719, 723.7
3720, 0.0
3721, 0.0
3722, 0.0
3723, 778.2
3724, 0.0
3725, 784.6
3726, 0.0
3727, 734.8
3728, 761.7
3729, 797.7
3730, 886.6
3731, 870.8
3732, 776.2
3733, 984.9
3734, 2430.3
3735, 1114.9
3736, 697.8
3737, 781.2
3738, 774.7
3739, 731.9
3740, 768.0
3741, 697.3
3742, 711.3
3743, 724.3
3744, 755.0
3745, 743.8
3746, 788.4
3747, 774.6
3748, 1339.1
3749, 709.4
3750, 843.7
3751, 743.5
3752, 0.0
3753, 848.1
3754, 788.6
3755, 723.0
3756, 759.5
3757, 988.1
3758, 737.8
3759, 1252.4
3760, 799.0
3761, 774.0
3762, 807.2
3763, 741.6
3764, 5056.4
3765, 848.0
3766, 822.7
3767, 1305.9
3768, 775.5
3769, 0.0
3770, 805.3
3771, 822.1
3772, 720.4
3773, 813.2
3774, 753.4
3775, 734.2
3776, 754.9
3777, 806.7
3778, 832.8
3779, 0.0
3780, 794.9
3781, 0.0
3782, 794.2
3783, 804.3
3784, 0.0
3785, 1398.8
3786, 782.0
3787, 775.5
3788, 1375.9
3789, 807.3
3790, 743.4
3791, 703.8
3792, 733.2
3793, 746.2
3794, 801.7
3795, 3552.2
3796, 723.9
3797, 796.4
3798, 778.1
3799, 848.3
3800, 0.0
3801, 1445.7
3802, 692.5
3803, 718.1
3804, 777.3
3805, 770.1
3806, 709.0
3807, 887.8
3808, 1656.6
3809, 716.8
3810, 744.0
3811, 1109.5
3812, 1240.0
3813, 746.4
3814, 790.8
3815, 1251.0
3816, 802.0
3817, 785.8
3818, 753.7
3819, 0.0
3820, 703.9
3821, 887.0
3822, 805.6
3823, 680.5
3824, 734.9
3825, 1673.3
3826, 0.0
3827, 1913.5
3828, 0.0
3829, 806.6
3830, 727.4
3831, 730.3
3832, 814.3
3833, 860.4
3834, 785.2
3835, 715.3
3836, 835.5
3837, 775.2
3838, 760.4
3839, 756.2
3840, 809.0
3841, 874.9
3842, 0.0
3843, 729.8
3844, 669.7
3845, 808.9
3846, 775.1
3847, 909.4
3848, 720.1
3849, 789.7
3850, 831.8
3851, 1100.7
3852, 783.6
3853, 728.4
3854, 0.0
3855, 697.8
3856, 796.3
3857, 836.2
3858, 665.7
3859, 785.7
3860, 826.6
3861, 755.0
3862, 2699.4
3863, 730.5
3864, 723.0
3865, 783.3
3866, 3844.7
3867, 748.7
3868, 720.7
3869, 0.0
3870, 770.9
3871, 890.9
3872, 741.8
3873, 149.4
3874, 758.1
3875, 739.5
3876, 713.3
3877, 1151.5
3878, 788.0
3879, 749.2
3880, 716.6
3881, 789.9
3882, 12.7
3883, 675.4
3884, 844.3
3885, 945.6
3886, 731.1
3887, 0.0
3888, 765.8
3889, 0.0
3890, 780.7
3891, 745.7
3892, 720.3
3893, 785.9
3894, 828.7
3895, 3471.4
3896, 732.0
3897, 801.1
3898, 0.0
3899, 833.1
3900, 772.0
3901, 760.2
3902, 758.4
3903, 744.8
3904, 0.0
3905, 742.1
3906, 681.3
3907, 0.0
3908, 751.8
3909, 874.2
3910, 757.5
3911, 592.8
3912, 762.1
3913, 748.8
3914, 705.5
3915, 780.2
3916, 771.4
3917, 803.1
3918, 798.5
3919, 758.5
3920, 3683.6
3921, 763.3
3922, 1053.1
3923, 708.7
3924, 823.8
3925, 0.0
3926, 769.0
3927, 733.5
3928, 720.7
3929, 684.9
3930, 693.0
3931, 690.5
3932, 756.4
3933, 1648.3
3934, 846.0
3935, 2622.4
3936, 829.9
3937, 871.3
3938, 736.2
3939, 817.1
3940, 755.6
3941, 764.0
3942, 0.0
3943, 0.0
3944, 753.2
3945, 1064.0
3946, 0.0
3947, 847.8
3948, 780.7
3949, 0.0
3950, 760.5
3951, 0.0
3952, 0.0
3953, 794.3
3954, 712.5
3955, 5166.6
3956, 713.6
3957, 773.3
3958, 780.6
3959, 752.9
3960, 772.2
3961, 0.0
3962, 2966.9
3963, 889.3
3964, 0.0
3965, 763.1
3966, 868.0
3967, 729.4
3968, 164.8
3969, 752.4
3970, 788.0
3971, 315.4
3972, 659.4
3973, 785.4
3974, 864.2
3975, 763.6
3976, 776.3
3977, 733.3
3978, 767.3
3979, 0.0
3980, 763.8
3981, 832.3
3982, 788.5
3983, 819.6
3984, 806.4
3985, 767.6
3986, 0.0
3987, 823.1
3988, 0.0
3989, 715.2
3990, 1286.7
3991, 921.5
3992, 840.9
3993, 710.2
3994, 773.6
3995, 0.0
3996, 878.2
3997, 700.5
3998, 550.4
3999, 804.0
4000, 782.5
4001, 766.8
4002, 770.9
4003, 959.8
4004, 1325.1
4005, 683.2
4006, 757.1
4007, 715.7
4008, 176.5
4009, 750.6
4010, 802.9
4011, 1522.9
4012, 789.7
4013, 930.0
4014, 339.8
4015, 755.2
4016, 666.1
4017, 835.0
4018, 1060.8
4019, 786.7
4020, 787.3
4021, 183.6
4022, 741.2
4023, 799.0
4024, 902.0
4025, 744.1
4026, 756.9
4027, 795.5
4028, 775.5
4029, 739.7
4030, 855.3
4031, 876.9
4032, 759.7
4033, 725.0
4034, 709.4
4035, 340.0
4036, 765.3
4037, 732.3
4038, 763.5
4039, 786.3
4040, 752.4
4041, 763.1
4042, 723.8
4043, 375.6
4044, 759.6
4045, 713.3
4046, 96.1
4047, 796.0
4048, 790.5
4049, 0.0
4050, 825.3
4051, 841.0
4052, 739.7
4053, 998.4
4054, 733.0
4055, 1220.6
4056, 685.8
4057, 705.5
4058, 789.6
4059, 809.2
4060, 1485.3
4061, 744.6
4062, 757.7
4063, 701.1
4064, 749.4
4065, 0.0
4066, 822.1
4067, 804.0
4068, 725.8
4069, 754.2
4070, 907.5
4071, 826.8
4072, 904.9
4073, 760.5
4074, 851.0
4075, 0.0
4076, 720.3
4077, 866.4
4078, 741.8
4079, 708.9
4080, 775.4
4081, 774.4
4082, 835.7
4083, 792.7
4084, 744.2
4085, 818.1
4086, 968.6
4087, 747.9
4088, 743.7
4089, 942.6
4090, 1478.7
4091, 1681.1
4092, 758.3
4093, 784.5
4094, 697.6
4095, 1490.3
4096, 799.8
4097, 732.7
4098, 867.3
4099, 0.0
4100, 728.2
4101, 733.4
4102, 792.0
4103, 725.3
4104, 756.7
4105, 695.6
4106, 872.6
4107, 887.1
4108, 685.1
4109, 763.1
4110, 0.0
4111, 718.1
4112, 768.7
4113, 0.0
4114, 794.7
4115, 782.5
4116, 0.0
4117, 844.0
4118, 1980.7
4119, 723.6
4120, 728.0
4121, 760.4
4122, 805.1
4123, 791.1
4124, 665.2
4125, 952.1
4126, 0.0
4127, 852.8
4128, 769.1
4129, 731.5
4130, 740.0
4131, 725.0
4132, 790.3
4133, 1394.3
4134, 5978.2
4135, 833.2
4136, 748.5
4137, 712.5
4138, 938.6
4139, 748.9
4140, 831.3
4141, 807.4
4142, 804.3
4143, 716.9
4144, 826.7
4145, 742.7
4146, 775.1
4147, 1540.1
4148, 2.1
4149, 782.6
4150, 793.4
4151, 773.9
4152, 718.7
4153, 2034.0
4154, 666.2
4155, 703.8
4156, 717.7
4157, 922.5
4158, 808.2
4159, 920.7
4160, 862.7
4161, 733.5
4162, 731.9
4163, 774.8
4164, 806.6
4165, 0.0
4166, 718.9
4167, 761.0
4168, 1085.7
4169, 759.0
4170, 942.5
4171, 736.8
4172, 748.3
4173, 1204.1
4174, 757.8
4175, 0.0
4176, 778.6
4177, 811.9
4178, 741.6
4179, 744.9
4180, 742.9
4181, 95.2
4182, 728.4
4183, 816.3
4184, 781.5
4185, 801.5
4186, 781.2
4187, 3618.4
4188, 1189.2
4189, 777.2
4190, 0.0
4191, 763.6
4192, 590.4
4193, 0.0
4194, 838.3
4195, 759.7
4196, 841.1
4197, 796.5
4198, 771.2
4199, 759.3
4200, 771.6
4201, 781.3
4202, 796.9
4203, 0.0
4204, 0.0
4205, 907.3
4206, 767.8
4207, 757.3
4208, 162.2
4209, 719.1
4210, 816.1
4211, 802.8
4212, 778.6
4213, 772.4
4214, 794.9
4215, 749.4
4216, 19.3
4217, 808.5
4218, 743.9
4219, 840.2
4220, 756.8
4221, 0.0
4222, 469.6
4223, 750.3
4224, 700.0
4225, 650.9
4226, 714.2
4227, 980.6
4228, 746.6
4229, 882.3
4230, 752.5
4231, 0.0
4232, 3499.1
4233, 0.0
4234, 843.8
4235, 218.3
4236, 759.6
4237, 818.5
4238, 807.4
4239, 877.9
4240, 702.9
4241, 0.0
4242, 714.5
4243, 854.1
4244, 685.2
4245, 1580.7
4246, 739.2
4247, 706.8
4248, 755.9
4249, 739.7
4250, 817.5
4251, 731.3
4252, 700.0
4253, 718.4
4254, 788.9
4255, 757.0
4256, 891.1
4257, 761.9
4258, 865.1
4259, 690.5
4260, 762.9
4261, 720.9
4262, 1432.5
4263, 708.2
4264, 0.0
4265, 1201.2
4266, 1951.3
4267, 723.2
4268, 71.5
4269, 872.3
4270, 807.4
4271, 766.4
4272, 849.7
4273, 748.2
4274, 803.9
4275, 720.8
4276, 0.0
4277, 719.0
4278, 856.5
4279, 168.4
4280, 720.2
4281, 876.8
4282, 0.0
4283, 742.4
4284, 761.2
4285, 794.3
4286, 0.0
4287, 0.0
4288, 751.0
4289, 960.9
4290, 866.1
4291, 958.3
4292, 792.8
4293, 719.1
4294, 948.3
4295, 771.8
4296, 769.9
4297, 0.0
4298, 0.0
4299, 834.3
4300, 767.1
4301, 771.8
4302, 0.0
4303, 0.0
4304, 837.7
4305, 949.2
4306, 790.9
4307, 828.5
4308, 825.8
4309, 723.9
4310, 748.7
4311, 846.4
4312, 985.2
4313, 0.0
4314, 696.7
4315, 772.6
4316, 780.6
4317, 2563.6
4318, 759.6
4319, 832.7
4320, 862.6
4321, 1596.7
4322, 762.7
4323, 1174.4
4324, 764.1
4325, 3015.2
4326, 0.0
4327, 705.6
4328, 0.0
4329, 1447.6
4330, 759.7
4331, 766.6
4332, 766.6
4333, 1097.6
4334, 876.6
4335, 672.1
4336, 819.4
4337, 0.0
4338, 1142.1
4339, 486.6
4340, 804.2
4341, 816.9
4342, 960.9
4343, 854.2
4344, 678.6
4345, 843.1
4346, 777.9
4347, 2838.6
4348, 1424.9
4349, 797.2
4350, 1118.4
4351, 823.6
4352, 829.3
4353, 718.7
4354, 826.1
4355, 888.5
4356, 834.4
4357, 759.0
4358, 0.0
4359, 0.0
4360, 1833.7
4361, 809.8
4362, 760.2
4363, 726.5
4364, 769.7
4365, 843.0
4366, 254.5
4367, 845.8
4368, 3826.9
4369, 785.6
4370, 791.3
4371, 333.9
4372, 1117.7
4373, 792.7
4374, 766.3
4375, 0.0
4376, 1365.3
4377, 807.3
4378, 962.4
4379, 132.6
4380, 831.5
4381, 1451.2
4382, 777.1
4383, 999.0
4384, 742.1
4385, 934.8
4386, 729.5
4387, 801.7
4388, 772.3
4389, 784.8
4390, 825.3
4391, 767.2
4392, 0.0
4393, 0.0
4394, 731.3
4395, 0.0
4396, 770.8
4397, 564.1
4398, 0.0
4399, 746.8
4400, 846.4
4401, 800.7
4402, 2789.9
4403, 1634.5
4404, 871.2
4405, 818.5
4406, 803.5
4407, 719.2
4408, 728.0
4409, 2338.8
4410, 943.0
4411, 951.7
4412, 779.2
4413, 843.0
4414, 813.6
4415, 777.1
4416, 744.8
4417, 859.3
4418, 764.4
4419, 962.2
4420, 2075.8
4421, 0.0
4422, 1299.2
4423, 0.0
4424, 799.5
4425, 745.8
4426, 473.2
4427, 1632.3
4428, 735.4
4429, 798.5
4430, 0.0
4431, 834.5
4432, 0.0
4433, 0.0
4434, 0.0
4435, 0.0
4436, 750.7
4437, 686.3
4438, 818.3
4439, 833.2
4440, 750.0
4441, 763.2
4442, 805.5
4443, 0.0
4444, 775.9
4445, 1046.4
4446, 932.9
4447, 759.1
4448, 495.1
4449, 788.5
4450, 759.9
4451, 730.7
4452, 768.0
4453, 818.4
4454, 2422.2
4455, 757.4
4456, 805.4
4457, 344.4
4458, 884.6
4459, 842.0
4460, 779.9
4461, 829.8
4462, 771.8
4463, 855.6
4464, 765.2
4465, 748.4
4466, 0.0
4467, 798.8
4468, 727.6
4469, 1916.5
4470, 1618.6
4471, 780.5
4472, 6077.3
4473, 777.2
4474, 751.6
4475, 0.0
4476, 767.8
4477, 730.5
4478, 772.3
4479, 825.5
4480, 784.7
4481, 804.9
4482, 4364.4
4483, 1296.5
4484, 862.9
4485, 704.5
4486, 855.9
4487, 0.0
4488, 0.0
4489, 744.0
4490, 694.6
4491, 856.7
4492, 820.0
4493, 804.5
4494, 768.9
4495, 807.1
4496, 1800.4
4497, 0.0
4498, 801.8
4499, 791.6
4500, 0.0
4501, 828.5
4502, 0.0
4503, 825.2
4504, 792.5
4505, 3225.4
4506, 794.8
4507, 788.3
4508, 0.0
4509, 791.5
4510, 765.6
4511, 824.5
4512, 157.3
4513, 803.7
4514, 774.7
4515, 823.5
4516, 749.7
4517, 752.6
4518, 920.4
4519, 794.1
4520, 730.8
4521, 0.0
4522, 735.8
4523, 739.0
4524, 0.0
4525, 1215.8
4526, 830.4
4527, 823.3
4528, 878.5
4529, 752.6
4530, 0.0
4531, 770.2
4532, 2461.3
4533, 756.1
4534, 759.9
4535, 830.1
4536, 793.2
4537, 1351.7
4538, 756.7
4539, 792.3
4540, 746.7
4541, 782.9
4542, 544.5
4543, 731.6
4544, 778.9
4545, 829.3
4546, 769.4
4547, 0.0
4548, 768.0
4549, 755.4
4550, 926.4
4551, 974.4
4552, 793.2
4553, 0.0
4554, 728.9
4555, 697.1
4556, 0.0
4557, 767.3
4558, 0.0
4559, 836.3
4560, 729.3
4561, 701.3
4562, 794.0
4563, 684.3
4564, 739.2
4565, 779.0
4566, 794.3
4567, 1056.9
4568, 711.9
4569, 779.4
4570, 733.3
4571, 853.4
4572, 911.2
4573, 789.8
4574, 757.4
4575, 641.8
4576, 766.8
4577, 669.4
4578, 741.8
4579, 801.2
4580, 861.8
4581, 826.2
4582, 1038.8
4583, 737.6
4584, 730.1
4585, 822.5
4586, 713.9
4587, 0.0
4588, 733.4
4589, 880.1
4590, 773.0
4591, 707.3
4592, 849.1
4593, 678.8
4594, 813.0
4595, 772.3
4596, 731.1
4597, 725.8
4598, 0.0
4599, 705.5
4600, 0.0
4601, 1186.8
4602, 813.3
4603, 929.2
4604, 729.7
4605, 1566.4
4606, 0.0
4607, 848.4
4608, 717.8
4609, 871.7
4610, 843.6
4611, 751.9
4612, 731.8
4613, 752.9
4614, 1281.6
4615, 727.4
4616, 0.0
4617, 989.1
4618, 764.2
4619, 796.9
4620, 771.0
4621, 802.8
4622, 847.7
4623, 799.1
4624, 1483.7
4625, 0.0
4626, 709.1
4627, 810.4
4628, 950.5
4629, 817.9
4630, 3610.8
4631, 0.0
4632, 832.9
4633, 963.1
4634, 912.0
4635, 706.3
4636, 762.8
4637, 735.6
4638, 1167.9
4639, 759.7
4640, 753.1
4641, 0.0
4642, 0.0
4643, 821.5
4644, 764.8
4645, 888.2
4646, 1003.6
4647, 810.0
4648, 786.1
4649, 776.7
4650, 0.0
4651, 784.9
4652, 926.4
4653, 750.9
4654, 760.1
4655, 709.3
4656, 138.1
4657, 982.0
4658, 847.1
4659, 758.0
4660, 757.7
4661, 698.3
4662, 881.7
4663, 921.4
4664, 0.0
4665, 1108.5
4666, 772.5
4667, 716.5
4668, 891.2
4669, 745.2
4670, 712.4
4671, 768.9
4672, 868.1
4673, 821.4
4674, 790.0
4675, 0.0
4676, 723.7
4677, 1080.0
4678, 796.4
4679, 777.5
4680, 796.9
4681, 780.8
4682, 813.5
4683, 753.4
4684, 875.7
4685, 1388.6
4686, 718.8
4687, 5287.9
4688, 788.9
4689, 795.4
4690, 685.8
4691, 0.0
4692, 763.5
4693, 848.1
4694, 1440.1
4695, 697.6
4696, 736.0
4697, 785.2
4698, 845.2
4699, 795.3
4700, 973.2
4701, 916.4
4702, 764.9
4703, 763.4
4704, 722.3
4705, 776.9
4706, 783.0
4707, 744.0
4708, 2680.3
4709, 722.0
4710, 735.6
4711, 720.6
4712, 556.3
4713, 0.0
4714, 754.2
4715, 693.5
4716, 688.0
4717, 1035.2
4718, 0.0
4719, 786.9
4720, 742.0
4721, 807.5
4722, 0.0
4723, 804.5
4724, 800.3
4725, 0.0
4726, 926.9
4727, 1152.8
4728, 789.0
4729, 776.0
4730, 787.8
4731, 0.0
4732, 744.1
4733, 0.0
4734, 735.3
4735, 0.0
4736, 795.8
4737, 775.8
4738, 753.8
4739, 1655.7
4740, 717.1
4741, 751.2
4742, 1443.6
4743, 1709.1
4744, 782.8
4745, 786.2
4746, 772.2
4747, 740.7
4748, 778.6
4749, 786.6
4750, 809.2
4751, 790.1
4752, 756.7
4753, 805.2
4754, 851.2
4755, 760.1
4756, 0.0
4757, 846.6
4758, 836.7
4759, 1278.3
4760, 775.1
4761, 727.2
4762, 810.7
4763, 649.0
4764, 782.2
4765, 869.7
4766, 460.8
4767, 722.1
4768, 845.5
4769, 832.5
4770, 763.9
4771, 705.3
4772, 713.3
4773, 0.0
4774, 1311.5
4775, 737.2
4776, 0.0
4777, 861.4
4778, 780.0
4779, 806.8
4780, 760.9
4781, 769.3
4782, 796.1
4783, 1219.7
4784, 780.0
4785, 2566.3
4786, 728.4
4787, 782.9
4788, 764.9
4789, 770.5
4790, 778.5
4791, 764.1
4792, 758.5
4793, 799.9
4794, 1282.3
4795, 0.0
4796, 771.6
4797, 784.0
4798, 812.5
4799, 764.2
4800, 719.3
4801, 1032.4
4802, 748.3
4803, 3626.8
4804, 724.2
4805, 0.0
4806, 769.6
4807, 770.8
4808, 0.0
4809, 771.0
4810, 797.8
4811, 687.9
4812, 721.2
4813, 762.9
4814, 0.0
4815, 0.0
4816, 764.3
4817, 867.0
4818, 754.5
4819, 0.0
4820, 732.8
4821, 807.6
4822, 756.8
4823, 853.5
4824, 808.2
4825, 839.3
4826, 1195.6
4827, 732.7
4828, 781.0
4829, 765.9
4830, 784.1
4831, 704.9
4832, 769.1
4833, 668.3
4834, 793.4
4835, 829.6
4836, 0.0
4837, 810.6
4838, 875.7
4839, 887.6
4840, 776.4
4841, 757.2
4842, 2807.0
4843, 854.3
4844, 847.0
4845, 950.5
4846, 6385.3
4847, 840.5
4848, 765.9
4849, 665.9
4850, 764.1
4851, 756.6
4852, 731.6
4853, 792.8
4854, 1008.4
4855, 0.0
4856, 878.5
4857, 794.7
4858, 718.2
4859, 826.3
4860, 1005.2
4861, 729.3
4862, 0.0
4863, 767.3
4864, 1249.4
4865, 749.5
4866, 3678.6
4867, 700.4
4868, 813.2
4869, 762.6
4870, 788.4
4871, 2939.6
4872, 808.5
4873, 0.0
4874, 770.6
4875, 788.1
4876, 824.7
4877, 0.0
4878, 0.0
4879, 759.7
4880, 772.9
4881, 1112.3
4882, 0.0
4883, 2548.9
4884, 2375.9
4885, 922.0
4886, 772.7
4887, 705.0
4888, 813.1
4889, 808.4
4890, 811.8
4891, 0.0
4892, 811.1
4893, 838.3
4894, 747.2
4895, 705.4
4896, 682.6
4897, 0.0
4898, 824.7
4899, 751.5
4900, 0.0
4901, 917.9
4902, 786.9
4903, 0.0
4904, 769.4
4905, 684.4
4906, 4118.7
4907, 0.0
4908, 0.0
4909, 916.5
4910, 208.4
4911, 823.9
4912, 726.7
4913, 797.4
4914, 1877.8
4915, 1064.4
4916, 736.2
4917, 745.0
4918, 3381.0
4919, 1212.2
4920, 750.1
4921, 751.1
4922, 0.0
4923, 371.2
4924, 1159.3
4925, 1459.2
4926, 800.1
4927, 781.5
4928, 3782.0
4929, 1617.5
4930, 730.2
4931, 691.9
4932, 824.3
4933, 766.0
4934, 782.4
4935, 822.0
4936, 121.4
4937, 487.2
4938, 806.9
4939, 724.5
4940, 772.4
4941, 743.5
4942, 763.7
4943, 817.1
4944, 0.0
4945, 837.6
4946, 699.5
4947, 718.7
4948, 762.5
4949, 760.6
4950, 741.9
4951, 1836.2
4952, 0.0
4953, 758.3
4954, 838.6
4955, 0.0
4956, 671.6
4957, 741.7
4958, 0.0
4959, 0.0
4960, 783.0
4961, 739.9
4962, 736.3
4963, 798.3
4964, 908.4
4965, 853.0
4966, 736.6
4967, 685.4
4968, 92.1
4969, 698.2
4970, 677.3
4971, 730.9
4972, 733.7
4973, 880.3
4974, 1462.6
4975, 798.4
4976, 0.0
4977, 809.1
4978, 832.1
4979, 709.2
4980, 862.3
4981, 764.1
4982, 652.9
4983, 995.2
4984, 794.0
4985, 745.1
4986, 758.8
4987, 828.1
4988, 0.0
4989, 967.3
4990, 838.2
4991, 710.3
4992, 861.7
4993, 761.0
4994, 697.4
4995, 788.0
4996, 1252.2
4997, 770.6
4998, 815.6
4999, 812.9
